00000 195 POLIN
00001 60 SULCI
00002 225 POLIN
00010 570 HEILE
00011 155 SIELE
00012 127 KLEIN
00020 242 GODLN
00021 53 SEOUL
00022 91 FLUID
00100 168 POLIN
00101 110 SOHIN
00102 51 MUFTI
00110 239 LEINE
00111 103 SIELE
00112 23 TILGT
00120 81 BULIN
00121 19 OESET
00122 4 TONES
00200 38 KOMBI
00201 2
00202 20 KUPON
00210 62 MEZIE
00211 6 SETZT
00212 7 MIZOS
00220 41 NOVUM
00221 2
00222 8 MOGUL
01000 202 ALINA
01001 65 SINAH
01002 124 ALAUN
01010 122 ALAND
01011 31 HISSE
01012 30 BLAND
01020 39 ULMEN
01021 7 ASSEN
01022 10 BULGE
01100 46 ALAUN
01101 41 PLATT
01102 17 STUHL
01110 30 KEHLE
01111 13 SKALP
01112 6 ETATS
01120 10 MADLN
01121 2
01122 0
01200 23 LIBAN
01201 1
01202 8 SILAS
01210 14 BLUNT
01211 0
01212 4 BEFUG
01220 5 YENTL
01221 2
01222 5 MOBIL
02000 143 MILAN
02001 44 BISON
02002 131 HUMIL
02010 174 MULCH
02011 48 SUHLS
02012 1
02020 84 HUMIL
02021 23 ANSOG
02022 25 PFLUG
02100 96 MILKT
02101 58 SUHLS
02102 24 FLINK
02110 59 LUGTE
02111 21 SIMSE
02112 1
02120 27 KLUFT
02121 5 SUADA
02122 4 GUMPE
02200 17 PANIK
02201 3 BATST
02202 5 PILAW
02210 13 TALKT
02211 1
02212 0
02220 13 WADLN
02221 0
02222 2
10000 98 KUPON
10001 13 KUPON
10002 63 KURIN
10010 226 KOERE
10011 34 BURRO
10012 48 BEERD
10020 154 HINDU
10021 18 SIRUP
10022 13 ZEIGE
10100 60 TOURT
10101 37 SIRUP
10102 17 TROPF
10110 88 HUEBE
10111 16 EBERT
10112 4 SIEBE
10120 26 ORBIT
10121 5 SUDOR
10122 1
10200 4 FUTUR
10201 0
10202 0
10210 2
10211 0
10212 0
10220 13 EULER
10221 1
10222 1
11000 120 ARIAN
11001 14 LORCH
11002 39 GRAUL
11010 54 ALBRE
11011 6 URAHN
11012 5 CURRY
11020 27 ARMIN
11021 3 ASSER
11022 2
11100 47 KRAUT
11101 11 STABT
11102 9 BRAAI
11110 15 BUETT
11111 1
11112 0
11120 3 GRAET
11121 0
11122 0
11200 5 AUTOR
11201 1
11202 0
11210 5 LEXEM
11211 0
11212 0
11220 3 ARTET
11221 1
11222 0
12000 46 BINOM
12001 6 SUADA
12002 28 MILAN
12010 66 MEHRE
12011 6 DUMPF
12012 2
12020 40 MADLN
12021 7 AMSEL
12022 4 BEENG
12100 32 BAHNT
12101 2
12102 3 HENDL
12110 11 THEKE
12111 0
12112 0
12120 3 TAPER
12121 0
12122 0
12200 2
12201 1
12202 0
12210 1
12211 0
12212 0
12220 4 KIPPA
12221 0
12222 0
20000 15 RINGO
20001 1
20002 10 HINUM
20010 55 DEINE
20011 9 RIESE
20012 10 FEIST
20020 22 MUNGO
20021 2
20022 5 HENAN
20100 14 POLCH
20101 4 SUFFS
20102 1
20110 19 FEINE
20111 7 SIEBE
20112 2
20120 5 RHEDE
20121 0
20122 0
20200 2
20201 0
20202 2
20210 4 RITZE
20211 0
20212 0
20220 5 NOEMI
20221 0
20222 0
21000 5 RURAL
21001 1
21002 2
21010 8 VIGIL
21011 1
21012 1
21020 0
21021 0
21022 0
21100 0
21101 0
21102 0
21110 1
21111 0
21112 0
21120 0
21121 0
21122 0
21200 0
21201 0
21202 0
21210 0
21211 0
21212 0
21220 0
21221 0
21222 0
22000 13 DONAU
22001 2
22002 15 HINDU
22010 17 KUEHN
22011 3 SIAMS
22012 1
22020 15 ANDAU
22021 2
22022 3 SUADA
22100 10 KUMPF
22101 3 GULLY
22102 0
22110 3 GULLY
22111 1
22112 0
22120 1
22121 1
22122 0
22200 1
22201 0
22202 0
22210 2
22211 0
22212 0
22220 1
22221 0
22222 1