00000 50 TOLGO
00001 68 BANTU
00002 119 CULMO
00010 76 CULTO
00011 60 CALDO
00012 45 LINDO
00020 21 COLPO
00021 12 DUPLI
00022 19 BANCA
00100 19 BRUCO
00101 16 TANGA
00102 41 CRUDO
00110 23 TIGRO
00111 16 BRACO
00112 13 FIABA
00120 2
00121 1
00122 3 ORGIA
00200 16 PONTO
00201 17 DOLCA
00202 29 CULMO
00210 10 CAPTO
00211 8 CARTA
00212 4 FIABA
00220 1
00221 3 APRII
00222 3 CURIA
01000 50 FOLCE
01001 43 CABLO
01002 17 TANCO
01010 42 LINDO
01011 13 PLACA
01012 11 BLITZ
01020 1
01021 0
01022 1
01100 38 TROCO
01101 15 AMATO
01102 10 CRENE
01110 16 ODIRE
01111 3 AGIRE
01112 2
01120 0
01121 1
01122 1
01200 13 CAPTO
01201 11 TANCO
01202 1
01210 1
01211 1
01212 0
01220 1
01221 2
01222 0
02000 48 PUNTE
02001 2
02002 26 LENTA
02010 11 CIGNA
02011 8 VOLCA
02012 1
02020 3 CAPTO
02021 0
02022 5 NUOVE
02100 9 RETTO
02101 4 REAME
02102 4 RETTA
02110 2
02111 2
02112 0
02120 1
02121 0
02122 1
02200 17 MONCA
02201 1
02202 8 TENGE
02210 4 FULVA
02211 0
02212 0
02220 1
02221 0
02222 0
10000 12 CULTA
10001 16 CAPTO
10002 27 CULTO
10010 14 DISTO
10011 11 LAVAI
10012 10 PLICO
10020 1
10021 1
10022 4 ANSIA
10100 3 RUSSO
10101 2
10102 5 RASPA
10110 2
10111 4 CAPTO
10112 2
10120 0
10121 0
10122 0
10200 4 DICTA
10201 3 PIOTE
10202 4 CARME
10210 1
10211 0
10212 0
10220 0
10221 0
10222 0
11000 11 FOSSE
11001 7 NASCE
11002 3 COESA
11010 9 SVISO
11011 0
11012 0
11020 1
11021 0
11022 0
11100 3 PRESO
11101 4 USARE
11102 3 FRESA
11110 1
11111 0
11112 0
11120 0
11121 0
11122 0
11200 1
11201 0
11202 0
11210 0
11211 0
11212 0
11220 0
11221 0
11222 0
12000 18 TANCO
12001 1
12002 11 TOSCA
12010 1
12011 1
12012 0
12020 2
12021 0
12022 0
12100 2
12101 0
12102 1
12110 0
12111 0
12112 0
12120 0
12121 0
12122 0
12200 2
12201 0
12202 1
12210 1
12211 0
12212 0
12220 0
12221 0
12222 0
20000 18 CULTA
20001 15 CAPTO
20002 25 CULTO
20010 11 FULSO
20011 12 CALDI
20012 8 TIGLI
20020 2
20021 2
20022 1
20100 2
20101 1
20102 2
20110 3 STIRO
20111 0
20112 1
20120 0
20121 0
20122 0
20200 3 SOSTA
20201 0
20202 0
20210 2
20211 1
20212 0
20220 0
20221 0
20222 0
21000 7 PLUVI
21001 4 SALVE
21002 3 STESA
21010 6 PIOTE
21011 0
21012 0
21020 0
21021 0
21022 0
21100 3 SCURE
21101 2
21102 2
21110 1
21111 0
21112 0
21120 0
21121 0
21122 0
21200 1
21201 1
21202 0
21210 0
21211 1
21212 0
21220 0
21221 0
21222 0
22000 11 TUNNE
22001 0
22002 5 TORLI
22010 3 LAPPI
22011 0
22012 0
22020 0
22021 0
22022 1
22100 0
22101 0
22102 0
22110 0
22111 0
22112 0
22120 0
22121 0
22122 0
22200 3 SERRO
22201 0
22202 1
22210 1
22211 0
22212 0
22220 2
22221 0
22222 0