00000 167 MULCH
00001 120 BETEL
00002 61 COULD
00010 80 PLUNK
00011 41 SPELT
00012 17 MONTH
00020 17 FLOSS
00021 9 LIGHT
00022 20 CLOTH
00100 107 PILOT
00101 35 LIPID
00102 25 LINGO
00110 21 SHOUT
00111 4 SHEIK
00112 5 SINGE
00120 6 PYGMY
00121 0
00122 0
00200 51 CLUNG
00201 15 DEPTH
00202 23 CLOTH
00210 29 KNELT
00211 3 SHIED
00212 15 PLANT
00220 9 FORTH
00221 2
00222 3 POISE
01000 91 CLOUT
01001 69 CLEAT
01002 41 PLANT
01010 43 PLANT
01011 12 KNELT
01012 19 STUCK
01020 22 SHALT
01021 5 LEFTY
01022 8 BUTCH
01100 34 UNTIL
01101 3 MEDIA
01102 2
01110 7 SLAIN
01111 1
01112 1
01120 1
01121 0
01122 0
01200 12 CLONE
01201 1
01202 5 FLUNK
01210 0
01211 0
01212 1
01220 1
01221 0
01222 0
02000 91 COUNT
02001 20 NOTCH
02002 26 GULCH
02010 20 TONAL
02011 1
02012 9 TOUCH
02020 7 SPELT
02021 0
02022 5 OPIUM
02100 14 CLEFT
02101 0
02102 0
02110 5 ENACT
02111 0
02112 0
02120 0
02121 0
02122 0
02200 6 TWANG
02201 0
02202 3 NAIVE
02210 1
02211 0
02212 0
02220 2
02221 0
02222 0
10000 103 COUNT
10001 102 DETER
10002 40 PRONG
10010 24 COUNT
10011 18 SHEEP
10012 10 POUCH
10020 13 COUNT
10021 7 CHEAT
10022 8 NOTCH
10100 23 THONG
10101 26 VINYL
10102 2
10110 4 SPRIG
10111 4 MISER
10112 0
10120 1
10121 0
10122 0
10200 28 CRYPT
10201 12 DRAFT
10202 17 DUMPY
10210 5 SHIRK
10211 1
10212 2
10220 5 POINT
10221 0
10222 0
11000 77 CROWD
11001 34 BLEAT
11002 26 TRACK
11010 21 TRAMP
11011 4 WHELP
11012 5 PUNCH
11020 8 BATCH
11021 0
11022 2
11100 18 GLAND
11101 1
11102 1
11110 1
11111 0
11112 0
11120 0
11121 0
11122 0
11200 4 FLIER
11201 0
11202 1
11210 0
11211 0
11212 0
11220 0
11221 0
11222 1
12000 26 CLOTH
12001 28 EMPTY
12002 4 FLICK
12010 2
12011 2
12012 0
12020 2
12021 0
12022 1
12100 2
12101 0
12102 0
12110 0
12111 0
12112 0
12120 0
12121 0
12122 0
12200 4 CHIDE
12201 0
12202 0
12210 0
12211 0
12212 0
12220 0
12221 0
12222 0
20000 10 OUTDO
20001 20 COULD
20002 6 ROGUE
20010 1
20011 2
20012 0
20020 1
20021 0
20022 2
20100 4 ROBIN
20101 8 TEMPO
20102 2
20110 1
20111 3 RISER
20112 0
20120 0
20121 0
20122 1
20200 1
20201 1
20202 0
20210 0
20211 0
20212 0
20220 0
20221 0
20222 0
21000 4 ROYAL
21001 13 LYMPH
21002 0
21010 0
21011 0
21012 0
21020 1
21021 0
21022 0
21100 1
21101 0
21102 0
21110 0
21111 0
21112 0
21120 0
21121 0
21122 0
21200 0
21201 0
21202 0
21210 0
21211 0
21212 0
21220 0
21221 0
21222 0
22000 9 HOTLY
22001 4 CURVE
22002 1
22010 1
22011 0
22012 0
22020 0
22021 0
22022 0
22100 6 PROUD
22101 0
22102 0
22110 0
22111 0
22112 0
22120 0
22121 0
22122 0
22200 1
22201 0
22202 0
22210 0
22211 0
22212 0
22220 0
22221 0
22222 1