00000 858 COLIN
00001 296 SOILY
00002 814 LOUND
00010 637 DOILY
00011 213 SEINE
00012 292 NEELD
00020 421 INDOL
00021 101 SOLID
00022 353 DOLCI
00100 259 BOUND
00101 54 SHOYU
00102 138 PROUD
00110 243 DEICE
00111 47 POISE
00112 91 WEIRD
00120 282 POIND
00121 51 SOILY
00122 53 URSID
00200 111 COLIN
00201 36 COUGH
00202 126 BIDON
00210 100 COGIE
00211 30 SOUCE
00212 50 KOMBU
00220 52 DUOMI
00221 20 EPODE
00222 43 COYPU
01000 581 COLIN
01001 167 PILCH
01002 329 ALAMO
01010 271 ALAND
01011 82 SPALD
01012 81 LEMAN
01020 48 BLIND
01021 9 HYNDE
01022 25 CLIMB
01100 246 BROIL
01101 41 POUCH
01102 100 BRAID
01110 154 BEARD
01111 27 SWIPE
01112 27 GNARL
01120 25 UNLID
01121 5 PRADS
01122 3 PLANK
01200 82 MONAD
01201 21 UPLAY
01202 22 KOMBU
01210 21 MEDIA
01211 5 SLICE
01212 2
01220 8 PUDIC
01221 0
01222 4 PRICY
02000 402 MINCY
02001 108 LYSIN
02002 339 PLINK
02010 86 CLING
02011 30 SLUSH
02012 2
02020 135 LYNCH
02021 22 SLOYD
02022 117 LYMPH
02100 92 ROBIN
02101 7 COPRA
02102 45 RUING
02110 27 RINDY
02111 3 ROSTS
02112 1
02120 84 GLYPH
02121 15 BISKS
02122 10 PLUCK
02200 96 COMBY
02201 8 SKIMO
02202 81 BLIND
02210 24 GLEBY
02211 5 SCAMP
02212 3 NIVAL
02220 27 DOPER
02221 2
02222 13 BHANG
10000 262 COLIN
10001 143 MOUNT
10002 176 SOLUM
10010 160 FLITT
10011 96 SPITE
10012 92 NESTS
10020 74 NOULD
10021 22 OLENT
10022 40 CIBOL
10100 64 FRUIT
10101 34 SPOUT
10102 23 ROSTI
10110 54 NIECE
10111 16 PEYSE
10112 3 ROSTS
10120 38 NOTUM
10121 4 STOAT
10122 2
10200 21 BODHI
10201 17 WHUMP
10202 12 ROWDY
10210 8 FINCH
10211 2
10212 4 UNCAP
10220 5 GEBUR
10221 2
10222 0
11000 125 LIANA
11001 68 CLAPT
11002 60 ABOIL
11010 72 PLANE
11011 32 STALK
11012 19 BHANG
11020 6 CLUNG
11021 2
11022 1
11100 53 FRONT
11101 18 STILT
11102 7 PRADS
11110 28 PETRE
11111 4 BETAS
11112 1
11120 5 PLANT
11121 1
11122 0
11200 13 IMPOT
11201 11 STUPA
11202 1
11210 1
11211 1
11212 0
11220 1
11221 0
11222 0
12000 103 CLINT
12001 34 SHINY
12002 61 UNTIL
12010 12 TILTH
12011 6 SCHWA
12012 2
12020 20 DELFT
12021 3 CITED
12022 11 NYMPH
12100 10 LITHO
12101 2
12102 7 FUTON
12110 1
12111 0
12112 0
12120 14 LOMED
12121 0
12122 1
12200 12 APPAY
12201 2
12202 8 WHACK
12210 3 HYNDE
12211 1
12212 0
12220 1
12221 0
12222 0
20000 80 PIONY
20001 11 PUSHY
20002 64 PINKO
20010 67 WHINE
20011 10 NOISE
20012 19 UNETH
20020 41 POWND
20021 2
20022 31 NOILY
20100 34 PROUL
20101 3 WITTY
20102 16 YOGIN
20110 27 PRINK
20111 1
20112 10 EMERY
20120 25 IRONY
20121 0
20122 3 TUTEE
20200 12 DHOBI
20201 3 CISCO
20202 16 MOURN
20210 7 UNCOY
20211 2
20212 4 MIFTY
20220 5 NEEDY
20221 0
20222 4 GEOID
21000 37 HINKY
21001 3 CISCO
21002 16 UHLAN
21010 18 LEECH
21011 4 TUTEE
21012 8 MODAL
21020 2
21021 0
21022 1
21100 29 KRAIT
21101 1
21102 12 PRIMY
21110 10 DRAFT
21111 0
21112 1
21120 0
21121 0
21122 0
21200 5 ROTAN
21201 0
21202 1
21210 4 GEARE
21211 0
21212 1
21220 0
21221 0
21222 0
22000 54 KYLIN
22001 5 OINTS
22002 38 PULIK
22010 7 PUBIC
22011 3 CISSY
22012 1
22020 9 PWNED
22021 1
22022 10 CLAMP
22100 7 LABIA
22101 1
22102 1
22110 0
22111 0
22112 0
22120 9 PLUMB
22121 1
22122 0
22200 8 DOTTY
22201 1
22202 5 PUNTO
22210 2
22211 0
22212 0
22220 1
22221 0
22222 1