00000 182 CLINT
00001 119 DENET
00002 79 GUILT
00010 57 GLINT
00011 117 DIRER
00012 39 PUDIC
00020 13 TICHY
00021 14 FETED
00022 3 NITTY
00100 137 CLINT
00101 68 CANAL
00102 40 GAULT
00110 42 RIYAL
00111 61 TALAR
00112 7 LARCH
00120 11 MICHT
00121 5 BETEL
00122 2
00200 40 CLINK
00201 21 DEPTH
00202 28 GLITZ
00210 40 CLINT
00211 4 TAULD
00212 19 DITCH
00220 13 DHUTI
00221 9 LATHY
00222 4 GIBEL
01000 56 CLINT
01001 25 LENTO
01002 20 CLINK
01010 59 CUTIN
01011 13 TRUED
01012 14 PWNED
01020 8 CITED
01021 3 WEAMB
01022 2
01100 44 CLOOT
01101 4 DATUM
01102 8 BUNDT
01110 27 MARON
01111 0
01112 0
01120 5 FECHT
01121 1
01122 1
01200 1
01201 0
01202 1
01210 1
01211 0
01212 0
01220 1
01221 0
01222 0
02000 87 CULTY
02001 26 MEYNT
02002 10 CLOUD
02010 26 CYTON
02011 22 ROWTH
02012 9 FUDGE
02020 6 TAULD
02021 0
02022 0
02100 21 LIMAN
02101 0
02102 0
02110 8 MILTY
02111 0
02112 0
02120 1
02121 0
02122 0
02200 5 NOBLY
02201 0
02202 0
02210 1
02211 0
02212 0
02220 2
02221 0
02222 0
10000 33 HISTS
10001 19 UNETH
10002 8 GEEST
10010 16 TICKY
10011 15 RICHT
10012 7 PRUNT
10020 1
10021 0
10022 0
10100 23 LINTY
10101 5 TUSHY
10102 15 THUMP
10110 4 PRAAM
10111 0
10112 3 PRAAM
10120 0
10121 0
10122 0
10200 14 GULCH
10201 5 FELTY
10202 7 BELCH
10210 7 CHIBS
10211 0
10212 1
10220 0
10221 0
10222 0
11000 7 PLONG
11001 3 MEVED
11002 5 WECHT
11010 5 CITED
11011 1
11012 1
11020 0
11021 0
11022 0
11100 3 TURNT
11101 0
11102 0
11110 1
11111 0
11112 1
11120 0
11121 0
11122 0
11200 1
11201 0
11202 0
11210 0
11211 0
11212 0
11220 0
11221 0
11222 0
12000 15 JUMBY
12001 2
12002 11 PILUM
12010 4 TURNT
12011 2
12012 3 TUSHY
12020 0
12021 0
12022 0
12100 0
12101 0
12102 0
12110 0
12111 0
12112 0
12120 0
12121 0
12122 0
12200 3 THUMB
12201 0
12202 0
12210 1
12211 0
12212 0
12220 0
12221 0
12222 0
20000 63 THILK
20001 35 CLIPT
20002 23 PLING
20010 9 BUTCH
20011 13 NEWIE
20012 4 UPPER
20020 8 THALI
20021 2
20022 2
20100 19 DAULT
20101 9 KNELT
20102 3 TURNT
20110 8 PUTTY
20111 6 PASHM
20112 0
20120 0
20121 0
20122 0
20200 41 THILK
20201 0
20202 18 THILK
20210 1
20211 0
20212 0
20220 11 KEMPT
20221 0
20222 5 PUNCH
21000 37 CLOOT
21001 0
21002 12 KNELT
21010 1
21011 0
21012 0
21020 10 NICHT
21021 0
21022 6 NATCH
21100 4 FAVUS
21101 0
21102 0
21110 1
21111 0
21112 0
21120 0
21121 0
21122 0
21200 0
21201 0
21202 0
21210 0
21211 0
21212 0
21220 0
21221 0
21222 0
22000 7 HYOID
22001 0
22002 1
22010 0
22011 2
22012 0
22020 1
22021 0
22022 0
22100 0
22101 0
22102 0
22110 2
22111 0
22112 0
22120 0
22121 0
22122 0
22200 1
22201 0
22202 0
22210 0
22211 0
22212 0
22220 0
22221 0
22222 0