000000 5 ALCOOLO
000001 1
000002 7 ATTOOHM
000010 41 ATCHOUM
000011 19 ASSUMAT
000012 7 AFFUBLE
000020 65 ALEOUTE
000021 18 ADOSSEE
000022 68 ALEOUTE
000100 1
000101 0
000102 12 ABOULAT
000110 19 ALUNENT
000111 7 ABUSENT
000112 8 ACUMENS
000120 23 AGNELEZ
000121 2
000122 17 ACETEUX
000200 0
000201 0
000202 0
000210 12 AUGETTE
000211 3 ABSENTE
000212 6 ABROUTI
000220 7 ADVERBE
000221 3 ASSONEZ
000222 13 ABOUCHA
001000 7 ABILLOT
001001 3 ASSOUVI
001002 12 ACQUITS
001010 33 ALEOUTE
001011 20 ADOUCIE
001012 2
001020 18 ABOULAT
001021 6 AMIBIEN
001022 32 ALEOUTE
001100 4 APPOINT
001101 2
001102 21 ANIMONS
001110 36 ANILINE
001111 11 ANODISE
001112 5 AVOIENT
001120 11 AMEUTEZ
001121 2
001122 10 ANIMATO
001200 1
001201 0
001202 1
001210 3 ABONNIE
001211 0
001212 0
001220 4 ALIENEZ
001221 0
001222 3 AMIGNES
002000 2
002001 1
002002 5 AMBITUS
002010 14 ABLOQUE
002011 12 AMUISSE
002012 1
002020 15 ATTELEZ
002021 2
002022 29 ASSUMAT
002100 3 ANTIVOL
002101 0
002102 5 ACIDULA
002110 10 AVOIENT
002111 1
002112 2
002120 2
002121 0
002122 0
002200 0
002201 0
002202 1
002210 3 AJOINTE
002211 0
002212 1
002220 5 AFFLOUE
002221 0
002222 11 ANDALOU
010000 42 ABOULAT
010001 11 ADOSSAT
010002 40 ABOULAT
010010 42 ACETATE
010011 11 ACTASSE
010012 12 ACHETAS
010020 13 AFFALEE
010021 0
010022 18 ALAMBIC
010100 15 ABONDAT
010101 2
010102 5 ANNULAS
010110 20 AGENCAT
010111 3 ALESANT
010112 9 AGNELAS
010120 0
010121 0
010122 5 AUGITES
010200 8 ANDANTE
010201 1
010202 6 ANOBLIE
010210 8 ALLANTE
010211 2
010212 1
010220 0
010221 0
010222 1
011000 58 ABOULAT
011001 16 ASSUMAT
011002 24 ABOULAT
011010 24 ACIDULE
011011 10 APLASIE
011012 1
011020 0
011021 0
011022 6 AIMATES
011100 21 ALIMENT
011101 9 ANDAINS
011102 9 AMINONS
011110 15 ANNULAT
011111 1
011112 4 AGENAIS
011120 0
011121 0
011122 0
011200 7 ANOBLIT
011201 1
011202 4 AIMANTS
011210 9 ADMETTE
011211 2
011212 1
011220 0
011221 0
011222 0
012000 16 ATTIFAI
012001 5 ATTISAT
012002 6 ATTISAS
012010 2
012011 0
012012 0
012020 2
012021 0
012022 0
012100 5 AVEULIT
012101 1
012102 1
012110 2
012111 0
012112 0
012120 0
012121 0
012122 0
012200 7 AFFLUAI
012201 0
012202 3 AFFLOUA
012210 0
012211 0
012212 0
012220 0
012221 0
012222 0
020000 3 AMADOUA
020001 2
020002 6 ADAPTAS
020010 10 ABRUPTO
020011 0
020012 0
020020 4 ADAPTEZ
020021 2
020022 12 ACETEUX
020100 6 AMICALE
020101 1
020102 4 AVANCAS
020110 9 ATONALE
020111 2
020112 0
020120 3 AVANCEZ
020121 0
020122 3 AMANTES
020200 0
020201 0
020202 0
020210 0
020211 0
020212 0
020220 0
020221 0
020222 0
021000 6 AGACAIT
021001 2
021002 7 ACACIAS
021010 7 ADAMITE
021011 2
021012 0
021020 2
021021 0
021022 4 AMATIES
021100 3 ALANGUI
021101 0
021102 2
021110 6 ANATIFE
021111 0
021112 0
021120 2
021121 0
021122 1
021200 0
021201 0
021202 0
021210 0
021211 0
021212 0
021220 0
021221 0
021222 0
022000 0
022001 3 APAISAT
022002 1
022010 0
022011 1
022012 0
022020 0
022021 2
022022 2
022100 0
022101 0
022102 0
022110 2
022111 0
022112 0
022120 0
022121 0
022122 0
022200 0
022201 0
022202 0
022210 0
022211 0
022212 0
022220 0
022221 0
022222 0
100000 3 ACCOURU
100001 2
100002 9 ACCORTS
100010 35 ABRUPTO
100011 15 ABBESSE
100012 5 ACTEURS
100020 92 ABOUTER
100021 10 AUMUSSE
100022 42 ABRUPTO
100100 2
100101 0
100102 7 AMOUREZ
100110 23 APERCUE
100111 0
100112 4 ACHEVAI
100120 12 AGNELER
100121 1
100122 2
100200 0
100201 0
100202 0
100210 0
100211 0
100212 0
100220 9 ABREGER
100221 2
100222 4 ABORNES
101000 14 ABOUTIR
101001 2
101002 5 AMORTIS
101010 31 AUBETTE
101011 9 ATRESIE
101012 3 AVERTIS
101020 23 ABCEDEZ
101021 1
101022 6 APERCUE
101100 6 ADIRONT
101101 0
101102 4 ADVENIR
101110 6 AGIRENT
101111 1
101112 1
101120 4 AMBRIEN
101121 0
101122 3 ANIERES
101200 1
101201 0
101202 0
101210 1
101211 0
101212 0
101220 2
101221 0
101222 0
102000 2
102001 0
102002 2
102010 11 AGRAFAT
102011 1
102012 6 ABLIERS
102020 17 ALTERER
102021 4 ASSENEZ
102022 6 APEURAT
102100 0
102101 0
102102 3 AUGITES
102110 0
102111 0
102112 2
102120 0
102121 0
102122 0
102200 0
102201 0
102202 0
102210 0
102211 0
102212 0
102220 3 ABRASIF
102221 0
102222 0
110000 26 ADOUBAT
110001 7 ADSTRAT
110002 18 ADOUBAT
110010 39 ALEOUTE
110011 8 ABREGEA
110012 8 APETALE
110020 11 AULOFEE
110021 3 ABECHEZ
110022 5 AGITEES
110100 11 AMPUTAS
110101 0
110102 2
110110 9 AVERANT
110111 0
110112 1
110120 0
110121 0
110122 0
110200 2
110201 0
110202 1
110210 0
110211 0
110212 0
110220 0
110221 0
110222 0
111000 32 ADOUBAT
111001 5 ABRASAI
111002 9 AMIDURE
111010 32 ACIERIE
111011 2
111012 8 ACIERER
111020 0
111021 0
111022 2
111100 5 AGRAINA
111101 0
111102 2
111110 6 AUGMENT
111111 1
111112 0
111120 0
111121 0
111122 0
111200 3 ADORNAI
111201 0
111202 0
111210 0
111211 0
111212 0
111220 0
111221 0
111222 0
112000 14 AMPUTAT
112001 2
112002 5 AMEUTEZ
112010 3 ABOIERA
112011 1
112012 0
112020 0
112021 0
112022 0
112100 0
112101 0
112102 0
112110 0
112111 0
112112 0
112120 0
112121 0
112122 0
112200 0
112201 0
112202 0
112210 0
112211 0
112212 0
112220 0
112221 0
112222 0
120000 3 ALARMAT
120001 0
120002 4 ASATRUS
120010 5 AVALEUR
120011 1
120012 0
120020 7 APEURER
120021 1
120022 3 ALARMES
120100 0
120101 0
120102 0
120110 1
120111 0
120112 0
120120 1
120121 0
120122 0
120200 0
120201 0
120202 0
120210 0
120211 0
120212 0
120220 0
120221 0
120222 0
121000 8 ALARMAI
121001 0
121002 3 ANTIGEL
121010 3 ACARIDE
121011 0
121012 0
121020 3 ASSENEZ
121021 0
121022 1
121100 1
121101 0
121102 0
121110 1
121111 0
121112 0
121120 1
121121 0
121122 0
121200 0
121201 0
121202 0
121210 0
121211 0
121212 0
121220 0
121221 0
121222 0
122000 1
122001 0
122002 0
122010 0
122011 0
122012 0
122020 0
122021 1
122022 1
122100 0
122101 0
122102 0
122110 0
122111 0
122112 0
122120 0
122121 0
122122 0
122200 0
122201 0
122202 0
122210 0
122211 0
122212 0
122220 0
122221 0
122222 0
200000 0
200001 1
200002 1
200010 4 ARCHURE
200011 4 ARGOUSE
200012 3 ARDEURS
200020 15 AEREREZ
200021 3 ASSENEZ
200022 16 AGREEUR
200100 0
200101 0
200102 2
200110 3 ARGUENT
200111 0
200112 0
200120 1
200121 0
200122 1
200200 0
200201 0
200202 0
200210 6 ADOPTAI
200211 0
200212 3 AGLYPHE
200220 0
200221 0
200222 0
201000 0
201001 0
201002 2
201010 6 AMIBIEN
201011 2
201012 0
201020 5 AGITIEZ
201021 1
201022 2
201100 0
201101 1
201102 1
201110 1
201111 1
201112 0
201120 0
201121 0
201122 0
201200 1
201201 0
201202 0
201210 1
201211 2
201212 0
201220 0
201221 0
201222 0
202000 0
202001 0
202002 0
202010 7 ATTOLUX
202011 2
202012 0
202020 6 AMEUTEZ
202021 3 ASSENEZ
202022 4 ALISMES
202100 1
202101 1
202102 3 ADMIMES
202110 1
202111 0
202112 0
202120 0
202121 0
202122 0
202200 0
202201 0
202202 0
202210 0
202211 0
202212 0
202220 0
202221 0
202222 2
210000 2
210001 1
210002 4 ARROSAS
210010 6 AUGMENT
210011 4 ACHARDS
210012 3 ARDERAS
210020 2
210021 0
210022 7 AMENDAT
210100 5 ARGUANT
210101 0
210102 0
210110 3 ARNAQUE
210111 0
210112 0
210120 0
210121 0
210122 0
210200 1
210201 0
210202 0
210210 4 ARRANGE
210211 1
210212 0
210220 0
210221 0
210222 1
211000 5 AUGURAI
211001 3 ARDOISA
211002 4 ARGUAIS
211010 4 ARMERAI
211011 1
211012 0
211020 0
211021 0
211022 0
211100 0
211101 1
211102 0
211110 0
211111 0
211112 0
211120 0
211121 0
211122 0
211200 0
211201 0
211202 0
211210 0
211211 0
211212 0
211220 0
211221 0
211222 0
212000 6 ARRIVAT
212001 2
212002 3 AUTISME
212010 1
212011 0
212012 0
212020 0
212021 0
212022 0
212100 1
212101 1
212102 1
212110 0
212111 0
212112 0
212120 0
212121 0
212122 0
212200 0
212201 0
212202 0
212210 0
212211 0
212212 0
212220 0
212221 0
212222 0
220000 0
220001 0
220002 1
220010 0
220011 1
220012 0
220020 0
220021 0
220022 3 ARASEES
220100 0
220101 1
220102 2
220110 0
220111 1
220112 0
220120 1
220121 0
220122 0
220200 0
220201 0
220202 0
220210 0
220211 0
220212 0
220220 0
220221 0
220222 0
221000 1
221001 2
221002 1
221010 2
221011 1
221012 0
221020 0
221021 1
221022 0
221100 0
221101 0
221102 1
221110 0
221111 0
221112 0
221120 0
221121 0
221122 0
221200 0
221201 0
221202 0
221210 0
221211 0
221212 0
221220 0
221221 0
221222 0
222000 0
222001 0
222002 0
222010 0
222011 0
222012 0
222020 0
222021 0
222022 1
222100 0
222101 0
222102 0
222110 0
222111 0
222112 0
222120 0
222121 0
222122 0
222200 0
222201 0
222202 0
222210 0
222211 0
222212 0
222220 0
222221 0
222222 1