00000 41 ABOULA
00001 8 ABSOLU
00002 30 ALBUGO
00010 89 AGNELA
00011 21 ASSONA
00012 6 ALESAS
00020 24 ALUNEZ
00021 6 AMUSEZ
00022 52 ANOMAL
00100 26 ABOULA
00101 6 ABUSAT
00102 17 ATONAL
00110 34 ALCENE
00111 9 AMPUTA
00112 8 AGENDA
00120 6 ALPAGE
00121 0
00122 5 ATONAL
00200 5 ABATTU
00201 0
00202 3 AZOTHS
00210 3 ABOTTE
00211 0
00212 1
00220 6 ABOTEZ
00221 0
00222 7 ALBUGO
01000 34 ABONDA
01001 6 AMUSAI
01002 35 ANOMAL
01010 36 ALEVIN
01011 11 APSIDE
01012 3 ALEVIS
01020 10 ALCANE
01021 1
01022 14 AIGLON
01100 28 ALCANE
01101 2
01102 3 AUDITS
01110 17 ATTEND
01111 4 ALTERE
01112 1
01120 2
01121 0
01122 0
01200 3 AOUTAI
01201 0
01202 2
01210 3 AMATIE
01211 0
01212 1
01220 0
01221 0
01222 0
02000 13 AMINCI
02001 2
02002 17 ANOMAL
02010 11 ALGAUX
02011 4 AGISSE
02012 2
02020 12 AMENEZ
02021 5 ADERNE
02022 21 AMIDON
02100 10 AVANCA
02101 2
02102 1
02110 1
02111 1
02112 0
02120 0
02121 0
02122 0
02200 4 AGITAT
02201 0
02202 2
02210 1
02211 0
02212 0
02220 4 AGITEZ
02221 0
02222 3 ADAGIO
10000 22 ABORDA
10001 3 ABRASA
10002 17 AMADOU
10010 40 ADOUBA
10011 3 ABRASE
10012 8 AGENCA
10020 40 AZUREE
10021 3 AMUSER
10022 17 APERCU
10100 14 AJOUPA
10101 1
10102 1
10110 20 APRETE
10111 0
10112 3 AFTERS
10120 1
10121 0
10122 3 ASTUCE
10200 1
10201 2
10202 0
10210 1
10211 0
10212 0
10220 2
10221 0
10222 1
11000 20 AMURAI
11001 2
11002 8 AIRAIS
11010 21 AGENDA
11011 1
11012 2
11020 11 AILLER
11021 0
11022 2
11100 13 AURAIT
11101 0
11102 0
11110 5 ADAPTE
11111 0
11112 0
11120 3 ALTIER
11121 0
11122 1
11200 1
11201 0
11202 0
11210 1
11211 0
11212 0
11220 0
11221 0
11222 0
12000 5 AGIRAI
12001 0
12002 2
12010 3 ACIERE
12011 0
12012 2
12020 9 AMENDE
12021 2
12022 1
12100 0
12101 0
12102 0
12110 0
12111 0
12112 0
12120 0
12121 0
12122 0
12200 0
12201 0
12202 0
12210 0
12211 0
12212 0
12220 2
12221 0
12222 0
20000 6 ARAWAK
20001 1
20002 11 AGACIN
20010 18 ADOUBA
20011 2
20012 2
20020 9 ABAQUE
20021 3 ARROBE
20022 14 ABOULA
20100 4 AMBAGE
20101 1
20102 1
20110 8 ADAPTE
20111 0
20112 3 ARMETS
20120 1
20121 0
20122 0
20200 1
20201 0
20202 0
20210 0
20211 0
20212 0
20220 0
20221 0
20222 1
21000 6 AVANCA
21001 3 ARRISA
21002 5 ADAGIO
21010 6 ANIMAL
21011 2
21012 0
21020 2
21021 0
21022 0
21100 2
21101 0
21102 0
21110 0
21111 0
21112 0
21120 0
21121 0
21122 0
21200 0
21201 0
21202 0
21210 0
21211 0
21212 0
21220 0
21221 0
21222 0
22000 1
22001 3 ARISAI
22002 2
22010 1
22011 0
22012 1
22020 0
22021 3 AURURE
22022 2
22100 0
22101 2
22102 0
22110 0
22111 0
22112 0
22120 0
22121 0
22122 0
22200 0
22201 0
22202 0
22210 0
22211 0
22212 0
22220 0
22221 0
22222 1