0000000 0
0000001 11 ABOUCHEZ
0000002 19 ABLOQUEE
0000010 1
0000011 5 ANNONCEZ
0000012 6 ANNUELLE
0000020 0
0000021 0
0000022 4 ALLYLENE
0000100 4 ACCOUPLA
0000101 6 ACCLAMEZ
0000102 12 ACCUMULA
0000110 2
0000111 8 APANAGEA
0000112 5 ANALOGUE
0000120 0
0000121 0
0000122 0
0000200 2
0000201 0
0000202 10 ALLOGAME
0000210 1
0000211 0
0000212 3 ACCONAGE
0000220 0
0000221 1
0000222 0
0001000 1
0001001 59 ALLOUEES
0001002 10 ASSEMBLE
0001010 0
0001011 28 ANNELEES
0001012 2
0001020 23 AEROCLUB
0001021 17 ANNELIDE
0001022 0
0001100 14 APOLOGUE
0001101 38 AMYLACEE
0001102 13 AVOUABLE
0001110 4 ANALYSAS
0001111 19 ALESAMES
0001112 6 ANALEPSE
0001120 6 ACROMIAL
0001121 0
0001122 0
0001200 0
0001201 0
0001202 0
0001210 1
0001211 0
0001212 1
0001220 0
0001221 0
0001222 0
0002000 0
0002001 5 ADOSSEES
0002002 2
0002010 0
0002011 1
0002012 0
0002020 3 ADOSSONS
0002021 1
0002022 0
0002100 1
0002101 2
0002102 0
0002110 0
0002111 1
0002112 0
0002120 1
0002121 0
0002122 0
0002200 2
0002201 0
0002202 2
0002210 0
0002211 0
0002212 0
0002220 0
0002221 0
0002222 0
0010000 1
0010001 25 ALEURODE
0010002 22 ALOPECIE
0010010 4 AMMONIUM
0010011 20 ANNELIDE
0010012 20 ADENOMES
0010020 0
0010021 0
0010022 10 ALBUMINE
0010100 21 ABLOQUAI
0010101 11 ACHILLEE
0010102 9 AGALAXIE
0010110 6 ANNONCAI
0010111 5 AKKADIEN
0010112 6 ALANGUIE
0010120 2
0010121 1
0010122 3 ALCALINE
0010200 0
0010201 0
0010202 1
0010210 0
0010211 0
0010212 1
0010220 0
0010221 0
0010222 0
0011000 5 APHODIUS
0011001 39 AMPOULES
0011002 16 AMPOULEE
0011010 0
0011011 33 ANIMIONS
0011012 13 ACINEUSE
0011020 21 AMOVIBLE
0011021 10 ANEMIONS
0011022 0
0011100 15 AVALISAI
0011101 25 AMICALES
0011102 10 ALEVISME
0011110 13 ADONISAS
0011111 16 AULNAIES
0011112 8 AGONIMES
0011120 5 ALCALINS
0011121 1
0011122 0
0011200 23 ACCOUPLA
0011201 8 ACHYLIES
0011202 2
0011210 10 ANACONDA
0011211 10 ALMANDIN
0011212 0
0011220 0
0011221 0
0011222 0
0012000 1
0012001 12 ADOSSEES
0012002 3 ADHESIVE
0012010 3 AFFUSION
0012011 5 AMNESIES
0012012 0
0012020 2
0012021 0
0012022 2
0012100 0
0012101 6 AMOCHIEZ
0012102 0
0012110 1
0012111 0
0012112 1
0012120 0
0012121 0
0012122 0
0012200 5 AGLOSSAS
0012201 0
0012202 0
0012210 0
0012211 1
0012212 0
0012220 0
0012221 0
0012222 0
0020000 0
0020001 6 AMBIFIEZ
0020002 8 ALGICIDE
0020010 0
0020011 7 AVOUEREZ
0020012 2
0020020 0
0020021 0
0020022 2
0020100 5 AFFICHAI
0020101 1
0020102 1
0020110 2
0020111 1
0020112 2
0020120 0
0020121 0
0020122 0
0020200 1
0020201 0
0020202 2
0020210 0
0020211 0
0020212 1
0020220 0
0020221 0
0020222 0
0021000 0
0021001 18 ADULEREZ
0021002 3 ASSIBILE
0021010 0
0021011 8 AVEIGNIS
0021012 2
0021020 7 AULOFEES
0021021 0
0021022 0
0021100 8 AMBIFIAS
0021101 5 AGAVACEE
0021102 1
0021110 2
0021111 0
0021112 0
0021120 0
0021121 0
0021122 0
0021200 2
0021201 0
0021202 1
0021210 3 ABRICOTE
0021211 0
0021212 0
0021220 1
0021221 1
0021222 0
0022000 0
0022001 4 AMUISSEZ
0022002 0
0022010 0
0022011 0
0022012 0
0022020 0
0022021 0
0022022 1
0022100 2
0022101 4 ABAISSEZ
0022102 1
0022110 0
0022111 0
0022112 0
0022120 2
0022121 0
0022122 0
0022200 1
0022201 0
0022202 0
0022210 0
0022211 0
0022212 0
0022220 0
0022221 0
0022222 0
0100000 0
0100001 4 AFFECTEZ
0100002 11 APPLETTE
0100010 0
0100011 1
0100012 5 ACCENTUE
0100020 0
0100021 42 ACCOUPLA
0100022 0
0100100 14 ABLOQUAT
0100101 11 ACHETEES
0100102 0
0100110 3 ANNONCAT
0100111 3 ANALECTA
0100112 7 AVALANTE
0100120 0
0100121 9 ABLATIFS
0100122 0
0100200 0
0100201 1
0100202 5 ARCBOUTA
0100210 0
0100211 0
0100212 1
0100220 37 ABLUTION
0100221 17 ADELPHES
0100222 1
0101000 1
0101001 31 APIECEUR
0101002 8 ATHETOSE
0101010 0
0101011 14 AUGETTES
0101012 3 ABSTENUE
0101020 10 ADOUBAIS
0101021 11 AMONCELE
0101022 0
0101100 4 APATAMAS
0101101 37 ALOUETTE
0101102 4 AOUTASSE
0101110 6 ANALYSAT
0101111 15 ALANINES
0101112 3 ANAPESTE
0101120 4 ABATTONS
0101121 0
0101122 0
0101200 3 ADONNAIS
0101201 3 ADEQUATS
0101202 2
0101210 2
0101211 0
0101212 0
0101220 6 ALLOTYPE
0101221 2
0101222 0
0102000 0
0102001 4 ARCASSES
0102002 1
0102010 0
0102011 0
0102012 0
0102020 0
0102021 4 ARCASSES
0102022 0
0102100 4 ACCOSTAT
0102101 0
0102102 0
0102110 0
0102111 0
0102112 0
0102120 0
0102121 2
0102122 0
0102200 0
0102201 0
0102202 0
0102210 0
0102211 0
0102212 0
0102220 4 ADOSSANT
0102221 1
0102222 0
0110000 1
0110001 16 AUBEPINE
0110002 17 ABOUCHEZ
0110010 3 APPOINTI
0110011 4 ADVENTIF
0110012 7 APOCRINE
0110020 0
0110021 7 AGOGIQUE
0110022 1
0110100 15 ALLAITAT
0110101 10 AMPLICON
0110102 7 ABLATIVE
0110110 12 AMPHIBIE
0110111 4 ANEANTIT
0110112 9 ALMANDIN
0110120 0
0110121 4 ASSIMILA
0110122 0
0110200 30 ALBUMOSE
0110201 9 ACHETAIT
0110202 1
0110210 8 ABONDANT
0110211 10 ALMANDIN
0110212 0
0110220 4 ALIGNANT
0110221 2
0110222 0
0111000 6 ASSOUPIT
0111001 25 ABOULIEZ
0111002 8 ATHEISTE
0111010 2
0111011 10 AVEUGLEE
0111012 4 ANISETTE
0111020 5 APOLOGIE
0111021 6 ABIETINS
0111022 0
0111100 13 ALOUATES
0111101 22 ALITAMES
0111102 6 ALITASSE
0111110 6 ADONISAT
0111111 15 ANIMALES
0111112 0
0111120 0
0111121 0
0111122 0
0111200 19 APLOMBAT
0111201 4 APPETAIS
0111202 0
0111210 2
0111211 1
0111212 0
0111220 0
0111221 0
0111222 0
0112000 0
0112001 1
0112002 1
0112010 1
0112011 0
0112012 1
0112020 0
0112021 2
0112022 0
0112100 1
0112101 0
0112102 0
0112110 0
0112111 0
0112112 0
0112120 0
0112121 0
0112122 0
0112200 5 AGLOSSAS
0112201 0
0112202 0
0112210 0
0112211 1
0112212 0
0112220 1
0112221 0
0112222 0
0120000 1
0120001 3 AUDITIEZ
0120002 3 ADDITIVE
0120010 3 ADDITION
0120011 2
0120012 2
0120020 0
0120021 7 AULACODE
0120022 0
0120100 5 AMBIFIAT
0120101 2
0120102 0
0120110 2
0120111 0
0120112 1
0120120 0
0120121 0
0120122 0
0120200 2
0120201 0
0120202 0
0120210 4 ARCBOUTA
0120211 0
0120212 1
0120220 5 ABOULERA
0120221 0
0120222 0
0121000 2
0121001 1
0121002 1
0121010 0
0121011 4 AVEINTES
0121012 1
0121020 1
0121021 0
0121022 0
0121100 0
0121101 1
0121102 0
0121110 3 AJOINTAS
0121111 0
0121112 0
0121120 0
0121121 0
0121122 0
0121200 2
0121201 0
0121202 0
0121210 0
0121211 0
0121212 0
0121220 0
0121221 0
0121222 0
0122000 0
0122001 3 ALPISTES
0122002 1
0122010 0
0122011 0
0122012 1
0122020 0
0122021 0
0122022 0
0122100 4 AVIDITES
0122101 0
0122102 0
0122110 1
0122111 0
0122112 0
0122120 0
0122121 1
0122122 0
0122200 1
0122201 0
0122202 0
0122210 0
0122211 0
0122212 0
0122220 1
0122221 0
0122222 0
0200000 1
0200001 0
0200002 3 ACTUELLE
0200010 0
0200011 3 ATTITUDE
0200012 6 ATYPIQUE
0200020 0
0200021 1
0200022 1
0200100 5 AUTOGOAL
0200101 3 ALLIACES
0200102 3 ALLIACES
0200110 1
0200111 2
0200112 0
0200120 0
0200121 0
0200122 1
0200200 1
0200201 0
0200202 4 AUTOMATE
0200210 0
0200211 0
0200212 0
0200220 0
0200221 2
0200222 0
0201000 1
0201001 5 ATTELLES
0201002 1
0201010 0
0201011 7 ATTENDUS
0201012 1
0201020 0
0201021 1
0201022 0
0201100 3 APLUSTRE
0201101 5 ATTOUCHA
0201102 0
0201110 0
0201111 4 ATTENUAS
0201112 1
0201120 0
0201121 0
0201122 0
0201200 0
0201201 0
0201202 0
0201210 0
0201211 0
0201212 0
0201220 0
0201221 0
0201222 0
0202000 1
0202001 3 ALTESSES
0202002 2
0202010 0
0202011 0
0202012 0
0202020 0
0202021 0
0202022 0
0202100 0
0202101 3 ACTASSES
0202102 0
0202110 0
0202111 0
0202112 0
0202120 0
0202121 0
0202122 0
0202200 0
0202201 0
0202202 0
0202210 0
0202211 0
0202212 0
0202220 0
0202221 0
0202222 0
0210000 0
0210001 1
0210002 1
0210010 0
0210011 2
0210012 3 ANTEFIXE
0210020 0
0210021 0
0210022 1
0210100 3 ALLIACES
0210101 0
0210102 1
0210110 0
0210111 2
0210112 1
0210120 0
0210121 1
0210122 0
0210200 0
0210201 1
0210202 0
0210210 0
0210211 0
0210212 0
0210220 0
0210221 0
0210222 0
0211000 0
0211001 0
0211002 1
0211010 0
0211011 3 ATTENDIS
0211012 1
0211020 0
0211021 0
0211022 0
0211100 1
0211101 0
0211102 0
0211110 0
0211111 0
0211112 0
0211120 0
0211121 0
0211122 0
0211200 0
0211201 1
0211202 0
0211210 0
0211211 1
0211212 0
0211220 0
0211221 0
0211222 0
0212000 0
0212001 0
0212002 0
0212010 0
0212011 0
0212012 0
0212020 0
0212021 0
0212022 0
0212100 0
0212101 2
0212102 0
0212110 0
0212111 0
0212112 0
0212120 0
0212121 0
0212122 0
0212200 0
0212201 0
0212202 0
0212210 0
0212211 0
0212212 0
0212220 0
0212221 0
0212222 0
0220000 0
0220001 4 ATTIGIEZ
0220002 5 ATTOVOLT
0220010 3 ANTICHOC
0220011 2
0220012 10 AULACODE
0220020 0
0220021 3 ATTIGENT
0220022 4 APTIENNE
0220100 0
0220101 2
0220102 0
0220110 3 ANTICIPA
0220111 0
0220112 0
0220120 1
0220121 0
0220122 0
0220200 2
0220201 0
0220202 0
0220210 3 ANODISAS
0220211 0
0220212 2
0220220 3 ACTIVANT
0220221 0
0220222 0
0221000 1
0221001 9 ATTIGEES
0221002 2
0221010 2
0221011 3 ANTIQUES
0221012 0
0221020 2
0221021 0
0221022 0
0221100 4 AQUILINS
0221101 1
0221102 0
0221110 1
0221111 1
0221112 0
0221120 0
0221121 0
0221122 0
0221200 2
0221201 0
0221202 0
0221210 0
0221211 0
0221212 0
0221220 0
0221221 0
0221222 0
0222000 0
0222001 5 ALTISTES
0222002 0
0222010 0
0222011 0
0222012 0
0222020 1
0222021 1
0222022 0
0222100 0
0222101 0
0222102 0
0222110 0
0222111 0
0222112 0
0222120 0
0222121 0
0222122 0
0222200 2
0222201 0
0222202 0
0222210 0
0222211 0
0222212 0
0222220 1
0222221 0
0222222 0
1000000 1
1000001 40 AMORCEUR
1000002 13 ACCORDEE
1000010 0
1000011 11 ALUNEREZ
1000012 6 ACCORNEE
1000020 0
1000021 0
1000022 3 AERODYNE
1000100 4 ACCROCHA
1000101 58 ABORDEUR
1000102 5 ACERACEE
1000110 1
1000111 21 AGENDENT
1000112 4 AFFANURE
1000120 0
1000121 0
1000122 0
1000200 4 AURORAUX
1000201 0
1000202 11 AMARRAGE
1000210 1
1000211 0
1000212 1
1000220 0
1000221 0
1000222 0
1001000 1
1001001 60 ABOULEES
1001002 10 ADRESSEE
1001010 0
1001011 11 ADORNEES
1001012 0
1001020 11 ADJECTIF
1001021 8 ADOUBEES
1001022 0
1001100 6 ABHORRAS
1001101 46 AMPOULEE
1001102 9 AMORCEUR
1001110 2
1001111 10 AMOCHEES
1001112 1
1001120 3 AMARRONS
1001121 0
1001122 0
1001200 1
1001201 0
1001202 1
1001210 0
1001211 0
1001212 0
1001220 1
1001221 0
1001222 0
1002000 0
1002001 7 ARROGEAS
1002002 3 ADRESSEE
1002010 0
1002011 0
1002012 0
1002020 0
1002021 0
1002022 0
1002100 0
1002101 10 AUDOISES
1002102 0
1002110 0
1002111 1
1002112 0
1002120 1
1002121 0
1002122 0
1002200 0
1002201 0
1002202 0
1002210 0
1002211 0
1002212 0
1002220 0
1002221 0
1002222 0
1010000 8 ABOUGRIR
1010001 38 ABHORREE
1010002 17 AGUERRIE
1010010 1
1010011 17 ALUNIREZ
1010012 5 ACONIERE
1010020 0
1010021 0
1010022 4 ADERMINE
1010100 21 ACCOURRA
1010101 46 AMUREREZ
1010102 9 APNEIQUE
1010110 13 ARMORIAL
1010111 17 AMAIGRIR
1010112 5 ANARCHIE
1010120 0
1010121 0
1010122 0
1010200 0
1010201 0
1010202 2
1010210 0
1010211 0
1010212 0
1010220 0
1010221 0
1010222 0
1011000 6 AVILIRAI
1011001 36 AVEULIES
1011002 6 APNEIQUE
1011010 0
1011011 7 ANERGIES
1011012 1
1011020 8 ACIDULEZ
1011021 12 AMPLICON
1011022 1
1011100 15 APRIORIS
1011101 23 APIVORES
1011102 3 ACARIOSE
1011110 6 AGRAINAS
1011111 8 ANIMERAS
1011112 0
1011120 1
1011121 1
1011122 0
1011200 15 AJOURAGE
1011201 9 AIRERAIS
1011202 0
1011210 1
1011211 1
1011212 0
1011220 0
1011221 0
1011222 0
1012000 0
1012001 2
1012002 1
1012010 0
1012011 1
1012012 0
1012020 0
1012021 0
1012022 1
1012100 1
1012101 4 ADRESSAI
1012102 1
1012110 1
1012111 0
1012112 0
1012120 0
1012121 0
1012122 0
1012200 1
1012201 0
1012202 0
1012210 0
1012211 0
1012212 0
1012220 0
1012221 0
1012222 0
1020000 1
1020001 23 AFFLOUER
1020002 11 AULOFEES
1020010 2
1020011 2
1020012 1
1020020 0
1020021 0
1020022 2
1020100 6 ACIDIFIA
1020101 6 ALBERGES
1020102 2
1020110 0
1020111 4 AUDOISES
1020112 0
1020120 0
1020121 0
1020122 0
1020200 1
1020201 0
1020202 1
1020210 1
1020211 0
1020212 0
1020220 0
1020221 0
1020222 0
1021000 1
1021001 12 APIFUGES
1021002 0
1021010 0
1021011 1
1021012 0
1021020 3 AMUIRONS
1021021 0
1021022 1
1021100 6 ACIDIFIA
1021101 6 AVISIONS
1021102 0
1021110 0
1021111 0
1021112 0
1021120 0
1021121 0
1021122 0
1021200 3 ADMIRAIS
1021201 0
1021202 0
1021210 0
1021211 0
1021212 0
1021220 1
1021221 0
1021222 0
1022000 0
1022001 0
1022002 0
1022010 0
1022011 0
1022012 0
1022020 0
1022021 0
1022022 0
1022100 0
1022101 2
1022102 0
1022110 0
1022111 0
1022112 0
1022120 0
1022121 0
1022122 0
1022200 0
1022201 0
1022202 0
1022210 0
1022211 0
1022212 0
1022220 0
1022221 0
1022222 0
1100000 1
1100001 20 AFFRETER
1100002 16 AMORCEUR
1100010 0
1100011 3 ALENTOUR
1100012 2
1100020 0
1100021 27 ABOUGRIR
1100022 0
1100100 6 ACCOUTRA
1100101 35 ADOUBEES
1100102 2
1100110 3 ACHARNAT
1100111 2
1100112 3 ANATROPE
1100120 1
1100121 4 AMARRENT
1100122 1
1100200 0
1100201 0
1100202 2
1100210 0
1100211 0
1100212 0
1100220 15 AULACODE
1100221 5 ACHETEUR
1100222 0
1101000 0
1101001 19 APERCUES
1101002 2
1101010 2
1101011 2
1101012 0
1101020 1
1101021 2
1101022 0
1101100 6 ABATTRAS
1101101 21 APERCUES
1101102 0
1101110 3 ADORANTS
1101111 1
1101112 0
1101120 0
1101121 0
1101122 0
1101200 5 ADSTRATS
1101201 1
1101202 1
1101210 0
1101211 0
1101212 0
1101220 1
1101221 0
1101222 0
1102000 0
1102001 2
1102002 2
1102010 0
1102011 0
1102012 0
1102020 0
1102021 0
1102022 0
1102100 0
1102101 3 ADRESSAT
1102102 1
1102110 0
1102111 0
1102112 0
1102120 0
1102121 1
1102122 0
1102200 0
1102201 0
1102202 0
1102210 0
1102211 0
1102212 0
1102220 1
1102221 0
1102222 0
1110000 6 AFFUTOIR
1110001 16 AVILIREZ
1110002 13 ATTOUCHA
1110010 0
1110011 1
1110012 1
1110020 0
1110021 7 AMORCERA
1110022 1
1110100 18 ABOLIRAI
1110101 17 ACETIFIA
1110102 6 AMATRICE
1110110 3 AMARINAT
1110111 4 ANEANTIR
1110112 0
1110120 0
1110121 4 AVIVEUSE
1110122 0
1110200 15 AULACODE
1110201 10 AIRERAIT
1110202 0
1110210 1
1110211 1
1110212 0
1110220 1
1110221 1
1110222 0
1111000 7 ARRISONS
1111001 14 APERITIF
1111002 3 ADSCRITE
1111010 0
1111011 1
1111012 0
1111020 0
1111021 0
1111022 0
1111100 3 ALASTRIM
1111101 4 ALITERAS
1111102 0
1111110 0
1111111 0
1111112 0
1111120 0
1111121 0
1111122 0
1111200 4 ABSTRAIT
1111201 1
1111202 1
1111210 0
1111211 0
1111212 0
1111220 0
1111221 0
1111222 0
1112000 1
1112001 1
1112002 0
1112010 0
1112011 0
1112012 0
1112020 0
1112021 0
1112022 0
1112100 0
1112101 0
1112102 0
1112110 0
1112111 0
1112112 0
1112120 0
1112121 0
1112122 0
1112200 1
1112201 0
1112202 0
1112210 0
1112211 0
1112212 0
1112220 0
1112221 0
1112222 0
1120000 0
1120001 2
1120002 1
1120010 0
1120011 1
1120012 0
1120020 1
1120021 4 ATTITUDE
1120022 0
1120100 7 ACIDIFIA
1120101 2
1120102 0
1120110 0
1120111 0
1120112 0
1120120 0
1120121 0
1120122 0
1120200 3 ADMIRAIT
1120201 0
1120202 0
1120210 0
1120211 0
1120212 0
1120220 2
1120221 0
1120222 0
1121000 1
1121001 3 ABRITEES
1121002 0
1121010 0
1121011 0
1121012 0
1121020 1
1121021 2
1121022 0
1121100 0
1121101 0
1121102 0
1121110 0
1121111 0
1121112 0
1121120 0
1121121 0
1121122 0
1121200 2
1121201 0
1121202 0
1121210 0
1121211 0
1121212 0
1121220 1
1121221 0
1121222 0
1122000 0
1122001 2
1122002 0
1122010 0
1122011 0
1122012 0
1122020 0
1122021 0
1122022 0
1122100 0
1122101 0
1122102 0
1122110 0
1122111 0
1122112 0
1122120 0
1122121 0
1122122 0
1122200 0
1122201 0
1122202 0
1122210 0
1122211 0
1122212 0
1122220 0
1122221 0
1122222 0
1200000 1
1200001 2
1200002 4 AUTRUCHE
1200010 0
1200011 5 ATTENUER
1200012 2
1200020 0
1200021 3 ACTERONT
1200022 1
1200100 4 ATTARDAT
1200101 10 AHEURTER
1200102 2
1200110 0
1200111 3 AETERNAM
1200112 0
1200120 0
1200121 0
1200122 0
1200200 0
1200201 0
1200202 0
1200210 0
1200211 0
1200212 0
1200220 0
1200221 1
1200222 0
1201000 0
1201001 3 ALTEREES
1201002 0
1201010 0
1201011 3 ALTERNES
1201012 0
1201020 0
1201021 2
1201022 0
1201100 2
1201101 4 ASTRALES
1201102 0
1201110 2
1201111 1
1201112 0
1201120 0
1201121 0
1201122 0
1201200 2
1201201 0
1201202 0
1201210 0
1201211 0
1201212 0
1201220 0
1201221 0
1201222 0
1202000 0
1202001 1
1202002 0
1202010 0
1202011 0
1202012 0
1202020 0
1202021 0
1202022 0
1202100 0
1202101 0
1202102 0
1202110 0
1202111 0
1202112 0
1202120 0
1202121 0
1202122 0
1202200 0
1202201 0
1202202 0
1202210 0
1202211 0
1202212 0
1202220 0
1202221 0
1202222 0
1210000 1
1210001 4 ABRILLER
1210002 6 ATTRIQUE
1210010 0
1210011 1
1210012 0
1210020 0
1210021 0
1210022 0
1210100 4 ATTRIQUA
1210101 1
1210102 3 ACTUAIRE
1210110 0
1210111 1
1210112 0
1210120 0
1210121 0
1210122 0
1210200 1
1210201 2
1210202 0
1210210 0
1210211 0
1210212 0
1210220 0
1210221 0
1210222 0
1211000 0
1211001 4 ACTRICES
1211002 3 ASTERIDE
1211010 0
1211011 1
1211012 0
1211020 0
1211021 2
1211022 0
1211100 3 AUTORISA
1211101 0
1211102 0
1211110 0
1211111 0
1211112 0
1211120 0
1211121 0
1211122 0
1211200 0
1211201 2
1211202 0
1211210 0
1211211 0
1211212 0
1211220 0
1211221 0
1211222 0
1212000 0
1212001 0
1212002 0
1212010 0
1212011 0
1212012 0
1212020 0
1212021 0
1212022 0
1212100 0
1212101 0
1212102 0
1212110 0
1212111 0
1212112 0
1212120 0
1212121 0
1212122 0
1212200 0
1212201 0
1212202 0
1212210 0
1212211 0
1212212 0
1212220 0
1212221 0
1212222 0
1220000 1
1220001 5 ATTITREZ
1220002 1
1220010 0
1220011 1
1220012 1
1220020 0
1220021 1
1220022 0
1220100 2
1220101 4 AGRAFERA
1220102 0
1220110 1
1220111 0
1220112 0
1220120 0
1220121 0
1220122 0
1220200 2
1220201 0
1220202 0
1220210 0
1220211 0
1220212 0
1220220 1
1220221 0
1220222 0
1221000 0
1221001 4 ALTIERES
1221002 0
1221010 0
1221011 0
1221012 0
1221020 1
1221021 0
1221022 0
1221100 1
1221101 0
1221102 0
1221110 0
1221111 0
1221112 0
1221120 0
1221121 0
1221122 0
1221200 1
1221201 0
1221202 0
1221210 0
1221211 0
1221212 0
1221220 0
1221221 0
1221222 0
1222000 1
1222001 0
1222002 0
1222010 0
1222011 0
1222012 0
1222020 0
1222021 0
1222022 0
1222100 0
1222101 1
1222102 0
1222110 0
1222111 0
1222112 0
1222120 0
1222121 0
1222122 0
1222200 0
1222201 0
1222202 0
1222210 0
1222211 0
1222212 0
1222220 0
1222221 0
1222222 0
2000000 0
2000001 2
2000002 1
2000010 0
2000011 2
2000012 1
2000020 0
2000021 0
2000022 1
2000100 0
2000101 5 ARBORERA
2000102 3 ARECACEE
2000110 1
2000111 7 AZIMUTHA
2000112 5 ARCHANGE
2000120 1
2000121 0
2000122 0
2000200 0
2000201 0
2000202 2
2000210 0
2000211 0
2000212 0
2000220 0
2000221 0
2000222 0
2001000 0
2001001 10 ARBOREES
2001002 1
2001010 0
2001011 2
2001012 1
2001020 1
2001021 3 ARDERONS
2001022 0
2001100 1
2001101 11 ALPAGUAS
2001102 3 ARGUASSE
2001110 4 ARCANSON
2001111 4 ARNAQUES
2001112 0
2001120 0
2001121 1
2001122 0
2001200 0
2001201 0
2001202 1
2001210 0
2001211 1
2001212 0
2001220 0
2001221 0
2001222 0
2002000 0
2002001 2
2002002 0
2002010 0
2002011 0
2002012 0
2002020 1
2002021 0
2002022 0
2002100 0
2002101 4 ACHEMINA
2002102 0
2002110 0
2002111 0
2002112 0
2002120 0
2002121 0
2002122 0
2002200 0
2002201 0
2002202 1
2002210 0
2002211 0
2002212 0
2002220 0
2002221 0
2002222 0
2010000 1
2010001 12 ARMORIEZ
2010002 6 ARMOIRIE
2010010 1
2010011 3 ARMENIEN
2010012 1
2010020 0
2010021 0
2010022 1
2010100 5 ARMAILLI
2010101 4 ARGUERAI
2010102 2
2010110 3 ARCONNAI
2010111 1
2010112 1
2010120 0
2010121 0
2010122 0
2010200 0
2010201 0
2010202 0
2010210 0
2010211 0
2010212 0
2010220 0
2010221 0
2010222 0
2011000 0
2011001 10 ARMOIRES
2011002 3 ARBORISE
2011010 2
2011011 3 ARIENNES
2011012 1
2011020 3 ARGUIONS
2011021 0
2011022 0
2011100 10 ARABISAS
2011101 8 ARISERAS
2011102 4 ARABISME
2011110 0
2011111 0
2011112 0
2011120 1
2011121 0
2011122 0
2011200 1
2011201 2
2011202 0
2011210 0
2011211 0
2011212 0
2011220 0
2011221 0
2011222 0
2012000 1
2012001 1
2012002 0
2012010 0
2012011 1
2012012 0
2012020 0
2012021 0
2012022 0
2012100 0
2012101 0
2012102 0
2012110 0
2012111 0
2012112 0
2012120 0
2012121 0
2012122 0
2012200 1
2012201 0
2012202 0
2012210 0
2012211 0
2012212 0
2012220 0
2012221 0
2012222 0
2020000 0
2020001 6 ARRIMIEZ
2020002 1
2020010 1
2020011 3 ARPIGNER
2020012 1
2020020 0
2020021 0
2020022 1
2020100 0
2020101 3 ARRIMERA
2020102 0
2020110 1
2020111 0
2020112 1
2020120 0
2020121 0
2020122 0
2020200 0
2020201 0
2020202 3 ARRIMAGE
2020210 0
2020211 0
2020212 0
2020220 0
2020221 0
2020222 0
2021000 0
2021001 6 ARRIMEES
2021002 0
2021010 0
2021011 1
2021012 0
2021020 2
2021021 0
2021022 0
2021100 0
2021101 1
2021102 0
2021110 1
2021111 0
2021112 0
2021120 0
2021121 0
2021122 0
2021200 2
2021201 0
2021202 0
2021210 0
2021211 0
2021212 0
2021220 0
2021221 0
2021222 0
2022000 0
2022001 3 ARRISIEZ
2022002 0
2022010 0
2022011 0
2022012 0
2022020 1
2022021 0
2022022 0
2022100 0
2022101 1
2022102 0
2022110 0
2022111 0
2022112 0
2022120 0
2022121 0
2022122 0
2022200 1
2022201 0
2022202 0
2022210 0
2022211 0
2022212 0
2022220 0
2022221 0
2022222 0
2100000 0
2100001 1
2100002 1
2100010 0
2100011 6 AGREEREZ
2100012 4 AGREAGES
2100020 0
2100021 11 AMPERAGE
2100022 0
2100100 2
2100101 4 ARPEGEAT
2100102 4 ARMATURE
2100110 4 ARNAQUAT
2100111 4 ATTRAPER
2100112 1
2100120 0
2100121 0
2100122 0
2100200 0
2100201 0
2100202 0
2100210 0
2100211 0
2100212 0
2100220 2
2100221 1
2100222 0
2101000 0
2101001 2
2101002 0
2101010 0
2101011 4 AGRANDIE
2101012 0
2101020 0
2101021 1
2101022 0
2101100 0
2101101 4 AGLOSSAS
2101102 0
2101110 0
2101111 3 APERTURE
2101112 0
2101120 0
2101121 0
2101122 0
2101200 0
2101201 0
2101202 0
2101210 0
2101211 0
2101212 0
2101220 0
2101221 0
2101222 0
2102000 0
2102001 1
2102002 0
2102010 0
2102011 0
2102012 0
2102020 0
2102021 1
2102022 0
2102100 0
2102101 0
2102102 0
2102110 0
2102111 0
2102112 0
2102120 0
2102121 0
2102122 0
2102200 0
2102201 0
2102202 0
2102210 0
2102211 0
2102212 0
2102220 1
2102221 0
2102222 0
2110000 0
2110001 2
2110002 3 ARETIERE
2110010 1
2110011 1
2110012 0
2110020 0
2110021 0
2110022 0
2110100 3 ARABITOL
2110101 0
2110102 2
2110110 0
2110111 3 AGLYPHES
2110112 1
2110120 0
2110121 2
2110122 0
2110200 1
2110201 3 ARMERAIT
2110202 0
2110210 0
2110211 0
2110212 0
2110220 0
2110221 0
2110222 0
2111000 0
2111001 4 ARIETTES
2111002 1
2111010 0
2111011 1
2111012 1
2111020 0
2111021 0
2111022 0
2111100 3 ARGOTISA
2111101 2
2111102 0
2111110 0
2111111 0
2111112 0
2111120 0
2111121 0
2111122 0
2111200 0
2111201 1
2111202 0
2111210 0
2111211 0
2111212 0
2111220 0
2111221 0
2111222 0
2112000 1
2112001 0
2112002 0
2112010 0
2112011 0
2112012 0
2112020 0
2112021 0
2112022 0
2112100 0
2112101 0
2112102 0
2112110 0
2112111 0
2112112 0
2112120 0
2112121 0
2112122 0
2112200 1
2112201 0
2112202 0
2112210 0
2112211 0
2112212 0
2112220 0
2112221 0
2112222 0
2120000 0
2120001 2
2120002 2
2120010 0
2120011 0
2120012 0
2120020 0
2120021 2
2120022 0
2120100 3 ANALYSAT
2120101 1
2120102 0
2120110 1
2120111 0
2120112 0
2120120 0
2120121 0
2120122 0
2120200 2
2120201 0
2120202 0
2120210 0
2120211 0
2120212 0
2120220 2
2120221 0
2120222 0
2121000 0
2121001 1
2121002 0
2121010 0
2121011 0
2121012 0
2121020 0
2121021 0
2121022 0
2121100 1
2121101 0
2121102 0
2121110 0
2121111 0
2121112 0
2121120 0
2121121 0
2121122 0
2121200 0
2121201 0
2121202 0
2121210 0
2121211 0
2121212 0
2121220 0
2121221 0
2121222 0
2122000 0
2122001 0
2122002 0
2122010 0
2122011 0
2122012 0
2122020 0
2122021 1
2122022 0
2122100 0
2122101 0
2122102 0
2122110 0
2122111 0
2122112 0
2122120 0
2122121 0
2122122 0
2122200 1
2122201 0
2122202 0
2122210 0
2122211 0
2122212 0
2122220 1
2122221 0
2122222 0
2200000 0
2200001 0
2200002 0
2200010 0
2200011 0
2200012 0
2200020 0
2200021 0
2200022 0
2200100 0
2200101 0
2200102 0
2200110 0
2200111 0
2200112 0
2200120 0
2200121 0
2200122 0
2200200 0
2200201 1
2200202 0
2200210 0
2200211 0
2200212 0
2200220 0
2200221 0
2200222 0
2201000 0
2201001 0
2201002 1
2201010 0
2201011 0
2201012 0
2201020 0
2201021 0
2201022 0
2201100 0
2201101 0
2201102 0
2201110 0
2201111 0
2201112 0
2201120 0
2201121 0
2201122 0
2201200 0
2201201 0
2201202 0
2201210 0
2201211 0
2201212 0
2201220 0
2201221 0
2201222 0
2202000 0
2202001 0
2202002 0
2202010 0
2202011 0
2202012 0
2202020 0
2202021 0
2202022 0
2202100 0
2202101 0
2202102 0
2202110 0
2202111 0
2202112 0
2202120 0
2202121 0
2202122 0
2202200 0
2202201 0
2202202 0
2202210 0
2202211 0
2202212 0
2202220 0
2202221 0
2202222 0
2210000 0
2210001 1
2210002 2
2210010 0
2210011 0
2210012 0
2210020 0
2210021 0
2210022 0
2210100 0
2210101 0
2210102 0
2210110 0
2210111 0
2210112 0
2210120 0
2210121 0
2210122 0
2210200 0
2210201 0
2210202 0
2210210 0
2210211 0
2210212 0
2210220 0
2210221 0
2210222 0
2211000 0
2211001 0
2211002 1
2211010 0
2211011 0
2211012 0
2211020 0
2211021 0
2211022 0
2211100 0
2211101 1
2211102 0
2211110 0
2211111 0
2211112 0
2211120 0
2211121 0
2211122 0
2211200 0
2211201 0
2211202 0
2211210 0
2211211 0
2211212 0
2211220 0
2211221 0
2211222 0
2212000 0
2212001 0
2212002 0
2212010 0
2212011 1
2212012 0
2212020 0
2212021 0
2212022 0
2212100 0
2212101 0
2212102 0
2212110 0
2212111 0
2212112 0
2212120 0
2212121 0
2212122 0
2212200 0
2212201 0
2212202 0
2212210 0
2212211 0
2212212 0
2212220 0
2212221 0
2212222 0
2220000 0
2220001 2
2220002 2
2220010 0
2220011 1
2220012 0
2220020 0
2220021 0
2220022 0
2220100 3 ARTILLAT
2220101 0
2220102 0
2220110 0
2220111 0
2220112 0
2220120 0
2220121 0
2220122 0
2220200 0
2220201 0
2220202 0
2220210 0
2220211 0
2220212 0
2220220 0
2220221 0
2220222 0
2221000 0
2221001 3 ARTILLES
2221002 0
2221010 0
2221011 0
2221012 0
2221020 1
2221021 0
2221022 0
2221100 1
2221101 0
2221102 0
2221110 0
2221111 0
2221112 0
2221120 0
2221121 0
2221122 0
2221200 0
2221201 0
2221202 0
2221210 0
2221211 0
2221212 0
2221220 0
2221221 0
2221222 0
2222000 0
2222001 1
2222002 0
2222010 0
2222011 0
2222012 0
2222020 1
2222021 0
2222022 0
2222100 0
2222101 0
2222102 0
2222110 0
2222111 0
2222112 0
2222120 0
2222121 0
2222122 0
2222200 0
2222201 0
2222202 0
2222210 0
2222211 0
2222212 0
2222220 1
2222221 0
2222222 1