00000000 1
00000001 0
00000002 3 ANTIDATAI
00000010 0
00000011 1
00000012 7 ANTIDATAI
00000020 1
00000021 0
00000022 1
00000100 2
00000101 0
00000102 1
00000110 3 ASSIMILAI
00000111 3 ASSIMILAI
00000112 3 ASSIMILAI
00000120 9 ALCALISAS
00000121 34 AMELANCHE
00000122 1
00000200 0
00000201 0
00000202 6 AVANCAMES
00000210 0
00000211 0
00000212 14 ACAGNARDA
00000220 5 ANNELAMES
00000221 4 AMOINDRIS
00000222 0
00001000 4 ASSIMILAI
00001001 0
00001002 7 AGENCATES
00001010 2
00001011 2
00001012 9 ABEILLONS
00001020 9 AMARINAGE
00001021 6 AFFLIGEES
00001022 2
00001100 20 ANALYSAIS
00001101 0
00001102 7 ARROSASSE
00001110 11 ALTERNAIS
00001111 4 ASSIMILAI
00001112 2
00001120 37 ALLEMANDS
00001121 24 ALICAMENT
00001122 2
00001200 2
00001201 0
00001202 6 ALTERNAIS
00001210 1
00001211 0
00001212 3 ASEPTISES
00001220 16 ANILISMES
00001221 0
00001222 1
00002000 1
00002001 0
00002002 0
00002010 1
00002011 0
00002012 0
00002020 3 ALBINISME
00002021 1
00002022 2
00002100 7 ASSIMILAI
00002101 0
00002102 1
00002110 5 ALLAITEES
00002111 0
00002112 0
00002120 16 ACENSAMES
00002121 10 ALUMINAGE
00002122 2
00002200 4 ALTERERAS
00002201 0
00002202 7 APPENDICE
00002210 2
00002211 0
00002212 2
00002220 4 AFFLIGEES
00002221 3 ASSIMILAI
00002222 3 APPARIERA
00010000 1
00010001 0
00010002 2
00010010 9 AGRAINAGE
00010011 7 AVEUGLENT
00010012 3 ATTERRIRA
00010020 3 APPARIERA
00010021 27 ANAGLYPHE
00010022 2
00010100 2
00010101 0
00010102 1
00010110 12 ALMAGESTE
00010111 21 AGNELAMES
00010112 1
00010120 7 ASPARAGUS
00010121 18 ARRANGEAS
00010122 0
00010200 0
00010201 0
00010202 3 ARROSASSE
00010210 0
00010211 0
00010212 0
00010220 3 AFFERMANT
00010221 3 AVEUGLEES
00010222 0
00011000 7 AGONIRAIS
00011001 0
00011002 13 AGONIRAIS
00011010 31 AMPLIFIAI
00011011 21 AGNELERAI
00011012 5 ASSIMILAI
00011020 22 ARPIGNIEZ
00011021 34 ALIMENTAI
00011022 3 AFFLIGEES
00011100 22 ARRACHAGE
00011101 0
00011102 0
00011110 45 AVOISINAS
00011111 15 AGREERONS
00011112 2
00011120 21 ANILISMES
00011121 33 ARPIGNAIS
00011122 0
00011200 1
00011201 0
00011202 4 AMBRASSES
00011210 0
00011211 0
00011212 0
00011220 5 AGONIRAIS
00011221 0
00011222 0
00012000 4 APPARIERA
00012001 0
00012002 0
00012010 3 ASSIMILAI
00012011 0
00012012 1
00012020 5 ALFATIERS
00012021 2
00012022 0
00012100 6 ACCUSIONS
00012101 0
00012102 0
00012110 7 ASSIMILAI
00012111 3 ALLOSOMES
00012112 0
00012120 9 AGITABLES
00012121 6 ARRENTEES
00012122 0
00012200 2
00012201 0
00012202 4 ARASASSES
00012210 0
00012211 0
00012212 0
00012220 5 ALTERERAS
00012221 1
00012222 0
00020000 1
00020001 0
00020002 1
00020010 1
00020011 1
00020012 5 APPARIERA
00020020 0
00020021 7 ABATARDIR
00020022 1
00020100 1
00020101 0
00020102 0
00020110 2
00020111 5 ACHETERAI
00020112 0
00020120 3 APPARUMES
00020121 8 ACHEVAMES
00020122 0
00020200 0
00020201 0
00020202 1
00020210 0
00020211 0
00020212 4 ACHETERAI
00020220 0
00020221 1
00020222 0
00021000 0
00021001 0
00021002 1
00021010 5 ATTERRIRA
00021011 4 ACHETERAI
00021012 0
00021020 2
00021021 4 ALTERERAS
00021022 0
00021100 2
00021101 0
00021102 0
00021110 6 ASSIMILAI
00021111 2
00021112 0
00021120 3 ADOPTEREZ
00021121 9 ASSIMILAI
00021122 0
00021200 0
00021201 0
00021202 2
00021210 0
00021211 0
00021212 1
00021220 0
00021221 0
00021222 0
00022000 0
00022001 0
00022002 0
00022010 2
00022011 0
00022012 0
00022020 1
00022021 1
00022022 0
00022100 1
00022101 0
00022102 0
00022110 3 ASSIMILAI
00022111 2
00022112 0
00022120 2
00022121 4 ARRENTEES
00022122 0
00022200 0
00022201 0
00022202 2
00022210 0
00022211 0
00022212 3 ASSIMILAI
00022220 0
00022221 0
00022222 0
00100000 1
00100001 0
00100002 3 AGONIRAIS
00100010 0
00100011 0
00100012 2
00100020 0
00100021 1
00100022 1
00100100 5 ASSAMAISE
00100101 0
00100102 0
00100110 5 ASSIMILAI
00100111 1
00100112 2
00100120 9 ANHEDONIE
00100121 4 ASSIMILAI
00100122 0
00100200 2
00100201 0
00100202 8 ANHIDROSE
00100210 0
00100211 0
00100212 0
00100220 9 ACHEVAMES
00100221 0
00100222 2
00101000 1
00101001 0
00101002 6 ANKYLOSER
00101010 1
00101011 0
00101012 3 APPARIERA
00101020 4 APAGOGIES
00101021 0
00101022 1
00101100 17 AGONISAIS
00101101 0
00101102 4 ADOPTEREZ
00101110 7 ASSIMILAI
00101111 0
00101112 2
00101120 16 ANALOGIES
00101121 5 ANKYLOSES
00101122 0
00101200 2
00101201 0
00101202 2
00101210 0
00101211 0
00101212 0
00101220 4 AFFLIGEES
00101221 0
00101222 0
00102000 0
00102001 0
00102002 1
00102010 0
00102011 0
00102012 0
00102020 0
00102021 0
00102022 0
00102100 25 AMIDONNAI
00102101 0
00102102 1
00102110 19 ANNELIDES
00102111 0
00102112 0
00102120 7 AGONIRAIS
00102121 1
00102122 1
00102200 0
00102201 0
00102202 3 ANKYLOSER
00102210 0
00102211 0
00102212 0
00102220 1
00102221 0
00102222 0
00110000 1
00110001 0
00110002 6 AMOINDRIS
00110010 1
00110011 0
00110012 5 APPARIONS
00110020 4 APPARIERA
00110021 10 AMENDABLE
00110022 2
00110100 6 AGRAPHIES
00110101 0
00110102 2
00110110 21 ANDORRANE
00110111 8 AGRARISME
00110112 0
00110120 12 ACAGNARDA
00110121 2
00110122 0
00110200 0
00110201 0
00110202 3 ABSOUDRAI
00110210 0
00110211 0
00110212 0
00110220 4 AVEUGLEES
00110221 0
00110222 0
00111000 8 APLANIRAI
00111001 0
00111002 4 ARRENTEES
00111010 14 ANORDIRAI
00111011 0
00111012 6 AVALERONS
00111020 5 ABLOQUIEZ
00111021 8 AVALISIEZ
00111022 2
00111100 23 ARPIGNAIS
00111101 0
00111102 2
00111110 28 ABSOLVONS
00111111 1
00111112 0
00111120 5 AFFLIGEES
00111121 4 AGONIRAIS
00111122 0
00111200 0
00111201 0
00111202 0
00111210 0
00111211 0
00111212 0
00111220 1
00111221 0
00111222 0
00112000 4 ALTERNANT
00112001 0
00112002 0
00112010 0
00112011 0
00112012 0
00112020 4 ARRENTEES
00112021 0
00112022 0
00112100 14 ABOMBASSE
00112101 0
00112102 0
00112110 5 AGRAFASSE
00112111 0
00112112 0
00112120 5 AGONIRAIS
00112121 1
00112122 0
00112200 0
00112201 0
00112202 3 AGONIRAIS
00112210 0
00112211 0
00112212 0
00112220 0
00112221 0
00112222 0
00120000 0
00120001 0
00120002 2
00120010 0
00120011 0
00120012 0
00120020 0
00120021 0
00120022 0
00120100 1
00120101 0
00120102 0
00120110 1
00120111 0
00120112 0
00120120 1
00120121 0
00120122 0
00120200 0
00120201 0
00120202 0
00120210 0
00120211 0
00120212 0
00120220 1
00120221 0
00120222 0
00121000 0
00121001 0
00121002 1
00121010 0
00121011 0
00121012 1
00121020 0
00121021 0
00121022 0
00121100 1
00121101 0
00121102 0
00121110 3 APPARIERA
00121111 0
00121112 1
00121120 0
00121121 0
00121122 0
00121200 0
00121201 0
00121202 0
00121210 0
00121211 0
00121212 0
00121220 1
00121221 0
00121222 0
00122000 0
00122001 0
00122002 0
00122010 0
00122011 0
00122012 0
00122020 0
00122021 0
00122022 0
00122100 4 APPARIERA
00122101 0
00122102 0
00122110 9 AMOINDRIR
00122111 1
00122112 0
00122120 1
00122121 0
00122122 0
00122200 0
00122201 0
00122202 0
00122210 0
00122211 0
00122212 0
00122220 0
00122221 0
00122222 0
00200000 1
00200001 0
00200002 2
00200010 0
00200011 0
00200012 0
00200020 1
00200021 0
00200022 2
00200100 6 ACHEVASSE
00200101 0
00200102 3 ASSIMILAI
00200110 1
00200111 0
00200112 0
00200120 12 ASSOLAMES
00200121 7 ACOUPHENE
00200122 0
00200200 0
00200201 0
00200202 5 ASSOCIONS
00200210 0
00200211 0
00200212 0
00200220 0
00200221 0
00200222 0
00201000 1
00201001 0
00201002 7 AGONIRAIS
00201010 1
00201011 0
00201012 0
00201020 5 ANKYLOSER
00201021 0
00201022 0
00201100 11 ABSTENAIS
00201101 0
00201102 2
00201110 0
00201111 0
00201112 0
00201120 5 ASSIMILAS
00201121 0
00201122 1
00201200 2
00201201 0
00201202 0
00201210 0
00201211 0
00201212 0
00201220 2
00201221 0
00201222 1
00202000 1
00202001 0
00202002 2
00202010 0
00202011 0
00202012 0
00202020 1
00202021 0
00202022 0
00202100 9 ARSENICAL
00202101 0
00202102 0
00202110 0
00202111 0
00202112 0
00202120 1
00202121 1
00202122 0
00202200 0
00202201 0
00202202 0
00202210 0
00202211 0
00202212 0
00202220 0
00202221 0
00202222 0
00210000 0
00210001 0
00210002 2
00210010 6 ACCOQUINA
00210011 0
00210012 4 ATTOUCHAS
00210020 1
00210021 4 ARCHIVERA
00210022 0
00210100 1
00210101 0
00210102 2
00210110 11 ARROSIONS
00210111 1
00210112 1
00210120 6 AGONISAIS
00210121 8 ARASERONS
00210122 0
00210200 0
00210201 0
00210202 1
00210210 0
00210211 0
00210212 0
00210220 1
00210221 0
00210222 0
00211000 3 ARCHIVAIS
00211001 0
00211002 5 ACCORDANT
00211010 4 ARCHIVERA
00211011 1
00211012 7 AGRIPPANT
00211020 3 ALTEREREZ
00211021 0
00211022 0
00211100 9 ARROSERAS
00211101 0
00211102 1
00211110 7 ARROSIONS
00211111 0
00211112 0
00211120 6 AGONIRIEZ
00211121 1
00211122 0
00211200 0
00211201 0
00211202 0
00211210 0
00211211 0
00211212 0
00211220 1
00211221 0
00211222 0
00212000 0
00212001 0
00212002 2
00212010 0
00212011 0
00212012 1
00212020 0
00212021 0
00212022 0
00212100 4 ALBUMOSES
00212101 0
00212102 0
00212110 2
00212111 0
00212112 1
00212120 1
00212121 0
00212122 0
00212200 0
00212201 0
00212202 0
00212210 0
00212211 0
00212212 0
00212220 0
00212221 0
00212222 0
00220000 0
00220001 0
00220002 2
00220010 3 ATTERRIRA
00220011 0
00220012 0
00220020 0
00220021 2
00220022 0
00220100 6 ABSOUDRAI
00220101 0
00220102 0
00220110 4 ARDASSENT
00220111 0
00220112 0
00220120 2
00220121 5 ABSOUDRAI
00220122 0
00220200 0
00220201 0
00220202 2
00220210 0
00220211 0
00220212 0
00220220 0
00220221 0
00220222 0
00221000 1
00221001 0
00221002 0
00221010 2
00221011 0
00221012 0
00221020 2
00221021 0
00221022 0
00221100 4 ABSORPTIF
00221101 0
00221102 0
00221110 0
00221111 0
00221112 0
00221120 2
00221121 0
00221122 0
00221200 0
00221201 0
00221202 0
00221210 0
00221211 0
00221212 0
00221220 0
00221221 0
00221222 0
00222000 0
00222001 0
00222002 1
00222010 1
00222011 0
00222012 0
00222020 1
00222021 0
00222022 0
00222100 4 AMBRAIENT
00222101 0
00222102 0
00222110 0
00222111 0
00222112 0
00222120 0
00222121 1
00222122 0
00222200 2
00222201 0
00222202 1
00222210 0
00222211 0
00222212 0
00222220 3 ASSIMILER
00222221 0
00222222 1
01000000 4 AFFLIGEES
01000001 0
01000002 5 ABSORPTIF
01000010 11 APLOMBANT
01000011 19 ANCESTRAL
01000012 7 ACHETERAI
01000020 2
01000021 0
01000022 2
01000100 6 ASSIMILAS
01000101 0
01000102 0
01000110 13 ALTERNANT
01000111 4 ACHETERAI
01000112 2
01000120 19 ACHALAMES
01000121 31 ACENSAMES
01000122 1
01000200 0
01000201 0
01000202 3 APPARIERA
01000210 0
01000211 0
01000212 4 APPARIERA
01000220 0
01000221 0
01000222 0
01001000 21 ALUMINAIS
01001001 0
01001002 11 ABOLITION
01001010 24 ALUMINAIT
01001011 7 ALMANDINE
01001012 9 APPENDICE
01001020 4 ASSIMILAI
01001021 6 AFFERMAIS
01001022 4 ARCHIVAIS
01001100 25 ASSISTANT
01001101 0
01001102 2
01001110 32 ADRESSANT
01001111 3 ALTERERAS
01001112 1
01001120 18 ALIENAMES
01001121 24 AMNISTIAS
01001122 2
01001200 1
01001201 0
01001202 1
01001210 0
01001211 0
01001212 0
01001220 4 AVEUGLEES
01001221 2
01001222 0
01002000 6 ASSIMILAI
01002001 0
01002002 2
01002010 18 ANIMALIER
01002011 1
01002012 0
01002020 0
01002021 0
01002022 1
01002100 3 ASSIMILAI
01002101 0
01002102 0
01002110 3 ABANDONNA
01002111 2
01002112 0
01002120 15 AMBULANCE
01002121 6 ANNALITES
01002122 0
01002200 2
01002201 0
01002202 7 AVIATRICE
01002210 4 AGONIRAIS
01002211 0
01002212 3 ARROSASSE
01002220 0
01002221 2
01002222 1
01010000 4 APPARIERA
01010001 0
01010002 2
01010010 13 APANAGENT
01010011 33 APERCEVRA
01010012 6 APPARIERA
01010020 1
01010021 8 ASPECTAIS
01010022 0
01010100 2
01010101 0
01010102 1
01010110 10 ALFENIDES
01010111 14 AGRICHERA
01010112 0
01010120 6 ASSIMILAI
01010121 17 ARPENTAIT
01010122 0
01010200 0
01010201 0
01010202 0
01010210 0
01010211 0
01010212 2
01010220 0
01010221 0
01010222 0
01011000 32 AFFAIRANT
01011001 0
01011002 11 AGRAINAIS
01011010 57 AMAIGRIRA
01011011 24 AGILEMENT
01011012 6 AFFLIGENT
01011020 4 ATTERRIRA
01011021 15 APPRECIER
01011022 1
01011100 10 AGONIRAIS
01011101 0
01011102 1
01011110 24 ARPIGNAIS
01011111 5 ARRENTENT
01011112 1
01011120 9 AVORTAMES
01011121 4 AFFLIGEES
01011122 0
01011200 0
01011201 0
01011202 1
01011210 0
01011211 0
01011212 1
01011220 0
01011221 0
01011222 0
01012000 1
01012001 0
01012002 0
01012010 6 ANTIDATAI
01012011 4 ACHEVAMES
01012012 1
01012020 1
01012021 2
01012022 0
01012100 1
01012101 0
01012102 0
01012110 5 APPARIERA
01012111 0
01012112 1
01012120 4 ASSIMILAI
01012121 4 AMARETTOS
01012122 0
01012200 1
01012201 0
01012202 2
01012210 0
01012211 0
01012212 2
01012220 0
01012221 1
01012222 0
01020000 1
01020001 0
01020002 0
01020010 3 APPARIERA
01020011 1
01020012 5 ACHETERAI
01020020 0
01020021 0
01020022 0
01020100 2
01020101 0
01020102 2
01020110 3 APPARIERA
01020111 6 ATTOUCHAS
01020112 0
01020120 2
01020121 4 AFFERMAIS
01020122 0
01020200 0
01020201 0
01020202 0
01020210 0
01020211 0
01020212 0
01020220 0
01020221 0
01020222 0
01021000 5 AGONIRAIS
01021001 0
01021002 0
01021010 3 ABAISSAIS
01021011 0
01021012 1
01021020 0
01021021 0
01021022 0
01021100 4 ASSIMILAI
01021101 0
01021102 3 APPARIERA
01021110 4 ARASASSES
01021111 0
01021112 3 ANAPSIDES
01021120 3 ASSIMILAI
01021121 2
01021122 0
01021200 0
01021201 0
01021202 0
01021210 0
01021211 0
01021212 0
01021220 0
01021221 0
01021222 0
01022000 2
01022001 0
01022002 1
01022010 1
01022011 0
01022012 0
01022020 0
01022021 0
01022022 0
01022100 0
01022101 0
01022102 0
01022110 0
01022111 0
01022112 0
01022120 4 ASSIMILAI
01022121 3 APPARIERA
01022122 0
01022200 0
01022201 0
01022202 0
01022210 0
01022211 0
01022212 1
01022220 0
01022221 0
01022222 0
01100000 1
01100001 0
01100002 4 ALBINISME
01100010 1
01100011 0
01100012 1
01100020 0
01100021 0
01100022 0
01100100 6 ANTIDATAI
01100101 0
01100102 1
01100110 7 ACHEVASSE
01100111 0
01100112 2
01100120 15 ANTIDATAT
01100121 3 AGENCATES
01100122 0
01100200 2
01100201 0
01100202 4 APLANIRAI
01100210 0
01100211 0
01100212 0
01100220 2
01100221 1
01100222 0
01101000 15 ALUMINANT
01101001 0
01101002 9 ATACAMITE
01101010 7 ACIDIFIAI
01101011 1
01101012 2
01101020 4 ASSIMILAI
01101021 0
01101022 0
01101100 20 ANALOGONS
01101101 0
01101102 6 APPARIIEZ
01101110 4 AGONIRENT
01101111 0
01101112 0
01101120 7 AGENCATES
01101121 4 ASSIMILAI
01101122 0
01101200 1
01101201 0
01101202 1
01101210 0
01101211 0
01101212 0
01101220 0
01101221 0
01101222 0
01102000 0
01102001 0
01102002 0
01102010 4 AVALETOUT
01102011 0
01102012 0
01102020 0
01102021 0
01102022 0
01102100 13 APLANIRAI
01102101 0
01102102 1
01102110 2
01102111 0
01102112 0
01102120 4 ABEILLONS
01102121 0
01102122 0
01102200 0
01102201 0
01102202 0
01102210 0
01102211 0
01102212 0
01102220 0
01102221 0
01102222 0
01110000 6 ACHETIONS
01110001 0
01110002 0
01110010 10 ACHROMATS
01110011 8 AVAREMENT
01110012 1
01110020 2
01110021 6 ABSOUDREZ
01110022 1
01110100 4 ASSIMILAI
01110101 0
01110102 2
01110110 14 APURERAIS
01110111 1
01110112 0
01110120 10 AMBRAIENT
01110121 1
01110122 0
01110200 0
01110201 0
01110202 1
01110210 0
01110211 0
01110212 0
01110220 0
01110221 0
01110222 0
01111000 14 ASSIMILAI
01111001 0
01111002 5 AGONIRAIS
01111010 27 AVEIGNENT
01111011 0
01111012 1
01111020 3 APPARIERA
01111021 1
01111022 1
01111100 7 AMARETTOS
01111101 0
01111102 1
01111110 11 AGONISONS
01111111 0
01111112 0
01111120 1
01111121 1
01111122 0
01111200 0
01111201 0
01111202 0
01111210 0
01111211 0
01111212 0
01111220 0
01111221 0
01111222 0
01112000 2
01112001 0
01112002 1
01112010 2
01112011 0
01112012 0
01112020 1
01112021 0
01112022 0
01112100 3 ASSIMILAI
01112101 0
01112102 0
01112110 3 APPARIERA
01112111 0
01112112 0
01112120 5 ACENSAMES
01112121 0
01112122 0
01112200 0
01112201 0
01112202 1
01112210 0
01112211 0
01112212 0
01112220 0
01112221 0
01112222 0
01120000 0
01120001 0
01120002 0
01120010 0
01120011 0
01120012 0
01120020 0
01120021 0
01120022 0
01120100 2
01120101 0
01120102 0
01120110 1
01120111 0
01120112 0
01120120 1
01120121 2
01120122 0
01120200 0
01120201 0
01120202 0
01120210 0
01120211 0
01120212 0
01120220 0
01120221 0
01120222 0
01121000 0
01121001 0
01121002 0
01121010 0
01121011 0
01121012 1
01121020 0
01121021 0
01121022 0
01121100 0
01121101 0
01121102 0
01121110 1
01121111 0
01121112 0
01121120 0
01121121 0
01121122 0
01121200 0
01121201 0
01121202 0
01121210 0
01121211 0
01121212 0
01121220 0
01121221 0
01121222 0
01122000 0
01122001 0
01122002 0
01122010 0
01122011 0
01122012 0
01122020 0
01122021 0
01122022 0
01122100 0
01122101 0
01122102 0
01122110 0
01122111 0
01122112 0
01122120 0
01122121 0
01122122 0
01122200 0
01122201 0
01122202 0
01122210 0
01122211 0
01122212 0
01122220 0
01122221 0
01122222 0
01200000 5 APPARIERA
01200001 0
01200002 4 AGONIRAIS
01200010 6 ANNALISTE
01200011 0
01200012 0
01200020 0
01200021 0
01200022 0
01200100 9 ASSISSENT
01200101 0
01200102 2
01200110 4 ANKYLOSES
01200111 0
01200112 0
01200120 11 AUSCULTAS
01200121 3 APPARIERA
01200122 0
01200200 0
01200201 0
01200202 2
01200210 1
01200211 0
01200212 1
01200220 0
01200221 0
01200222 0
01201000 11 ATTOUCHAS
01201001 0
01201002 2
01201010 0
01201011 0
01201012 0
01201020 3 APPARIIEZ
01201021 0
01201022 2
01201100 10 ACHEVERAS
01201101 0
01201102 0
01201110 0
01201111 0
01201112 0
01201120 7 APATAMANT
01201121 0
01201122 0
01201200 1
01201201 0
01201202 1
01201210 0
01201211 0
01201212 0
01201220 0
01201221 0
01201222 0
01202000 0
01202001 0
01202002 0
01202010 0
01202011 0
01202012 0
01202020 0
01202021 0
01202022 0
01202100 5 ARCHIVAIS
01202101 0
01202102 0
01202110 1
01202111 0
01202112 0
01202120 3 ASSIMILAI
01202121 0
01202122 0
01202200 0
01202201 0
01202202 1
01202210 0
01202211 0
01202212 0
01202220 0
01202221 0
01202222 0
01210000 1
01210001 0
01210002 2
01210010 4 ATTERRIRA
01210011 0
01210012 4 AVEUGLEES
01210020 0
01210021 2
01210022 0
01210100 2
01210101 0
01210102 0
01210110 6 ATTOUCHAS
01210111 0
01210112 1
01210120 2
01210121 1
01210122 0
01210200 0
01210201 0
01210202 0
01210210 0
01210211 0
01210212 0
01210220 0
01210221 0
01210222 0
01211000 5 APPOINTIR
01211001 0
01211002 1
01211010 6 ARCHIVAIT
01211011 0
01211012 0
01211020 4 APPARIERA
01211021 1
01211022 1
01211100 7 ASSIMILAI
01211101 0
01211102 1
01211110 2
01211111 0
01211112 0
01211120 1
01211121 1
01211122 0
01211200 0
01211201 0
01211202 0
01211210 0
01211211 0
01211212 0
01211220 0
01211221 0
01211222 0
01212000 1
01212001 0
01212002 0
01212010 0
01212011 0
01212012 1
01212020 1
01212021 0
01212022 0
01212100 1
01212101 0
01212102 0
01212110 0
01212111 0
01212112 0
01212120 2
01212121 1
01212122 0
01212200 3 ASSIMILAI
01212201 0
01212202 3 ATTOUCHAS
01212210 0
01212211 0
01212212 0
01212220 3 ARROSASSE
01212221 0
01212222 0
01220000 3 APPARIERA
01220001 0
01220002 0
01220010 4 APPARIERA
01220011 0
01220012 0
01220020 0
01220021 0
01220022 0
01220100 4 ATTIEDIES
01220101 0
01220102 0
01220110 2
01220111 0
01220112 0
01220120 2
01220121 1
01220122 0
01220200 0
01220201 0
01220202 0
01220210 0
01220211 0
01220212 0
01220220 0
01220221 0
01220222 0
01221000 3 APPARIERA
01221001 0
01221002 0
01221010 0
01221011 0
01221012 0
01221020 1
01221021 0
01221022 0
01221100 5 ABAISSAIS
01221101 0
01221102 0
01221110 0
01221111 0
01221112 0
01221120 1
01221121 0
01221122 0
01221200 0
01221201 0
01221202 0
01221210 0
01221211 0
01221212 0
01221220 0
01221221 0
01221222 0
01222000 2
01222001 0
01222002 0
01222010 1
01222011 0
01222012 0
01222020 0
01222021 0
01222022 0
01222100 0
01222101 0
01222102 0
01222110 0
01222111 0
01222112 0
01222120 0
01222121 0
01222122 0
01222200 1
01222201 0
01222202 2
01222210 0
01222211 0
01222212 0
01222220 0
01222221 0
01222222 0
02000000 2
02000001 0
02000002 0
02000010 5 ANNELIDES
02000011 3 ADORABLES
02000012 3 ATTOUCHAS
02000020 0
02000021 0
02000022 0
02000100 0
02000101 0
02000102 0
02000110 4 ARCHIVAIS
02000111 1
02000112 0
02000120 0
02000121 7 AMYGDALES
02000122 0
02000200 0
02000201 0
02000202 0
02000210 0
02000211 0
02000212 1
02000220 0
02000221 0
02000222 0
02001000 5 ACHETERAI
02001001 0
02001002 4 ATTOUCHAS
02001010 5 APPARTENU
02001011 0
02001012 2
02001020 4 ATTOUCHAS
02001021 3 APPARTINS
02001022 1
02001100 7 ASSIMILAI
02001101 0
02001102 1
02001110 7 APPARTINS
02001111 0
02001112 3 ALTERERAS
02001120 10 ACENSATES
02001121 8 AGRIPPIEZ
02001122 0
02001200 0
02001201 0
02001202 3 ASSISTAIT
02001210 0
02001211 0
02001212 0
02001220 0
02001221 0
02001222 0
02002000 4 ASSIMILAI
02002001 0
02002002 0
02002010 0
02002011 0
02002012 0
02002020 1
02002021 0
02002022 1
02002100 1
02002101 0
02002102 0
02002110 0
02002111 0
02002112 0
02002120 5 ACHEVATES
02002121 1
02002122 0
02002200 0
02002201 0
02002202 4 ATTOVOLTS
02002210 0
02002211 0
02002212 0
02002220 0
02002221 0
02002222 0
02010000 2
02010001 0
02010002 2
02010010 4 ATACAMITE
02010011 2
02010012 0
02010020 0
02010021 2
02010022 0
02010100 2
02010101 0
02010102 1
02010110 2
02010111 2
02010112 0
02010120 0
02010121 1
02010122 0
02010200 0
02010201 0
02010202 0
02010210 0
02010211 0
02010212 0
02010220 0
02010221 0
02010222 0
02011000 6 AGONIRAIS
02011001 0
02011002 0
02011010 12 ATTERRIRA
02011011 1
02011012 4 ALTERERAS
02011020 5 ATTOUCHAS
02011021 3 AVEUGLEES
02011022 0
02011100 9 ASSIMILAI
02011101 0
02011102 0
02011110 6 AGRESSIFS
02011111 0
02011112 0
02011120 4 ARRENTEES
02011121 2
02011122 1
02011200 0
02011201 0
02011202 0
02011210 0
02011211 0
02011212 0
02011220 0
02011221 0
02011222 0
02012000 1
02012001 0
02012002 1
02012010 0
02012011 0
02012012 0
02012020 1
02012021 0
02012022 0
02012100 0
02012101 0
02012102 0
02012110 2
02012111 1
02012112 2
02012120 1
02012121 0
02012122 0
02012200 0
02012201 0
02012202 0
02012210 1
02012211 0
02012212 0
02012220 0
02012221 1
02012222 0
02020000 1
02020001 0
02020002 0
02020010 4 ATTERRIRA
02020011 4 ASSIMILAI
02020012 3 ATTOUCHAS
02020020 0
02020021 1
02020022 0
02020100 0
02020101 0
02020102 0
02020110 2
02020111 1
02020112 0
02020120 0
02020121 6 ATTOUCHAS
02020122 0
02020200 0
02020201 0
02020202 0
02020210 0
02020211 0
02020212 1
02020220 0
02020221 0
02020222 0
02021000 2
02021001 0
02021002 3 ATTOUCHAT
02021010 5 AGONIRAIS
02021011 1
02021012 0
02021020 1
02021021 4 ATTERRIRA
02021022 0
02021100 3 ASSIMILAI
02021101 0
02021102 0
02021110 3 ATTOUCHAS
02021111 0
02021112 0
02021120 2
02021121 1
02021122 0
02021200 0
02021201 0
02021202 1
02021210 0
02021211 0
02021212 0
02021220 0
02021221 0
02021222 0
02022000 0
02022001 0
02022002 0
02022010 0
02022011 0
02022012 0
02022020 0
02022021 0
02022022 0
02022100 0
02022101 0
02022102 0
02022110 1
02022111 1
02022112 0
02022120 2
02022121 3 ALTERERAS
02022122 0
02022200 0
02022201 0
02022202 0
02022210 0
02022211 0
02022212 1
02022220 0
02022221 0
02022222 0
02100000 0
02100001 0
02100002 1
02100010 0
02100011 0
02100012 0
02100020 0
02100021 0
02100022 0
02100100 2
02100101 0
02100102 0
02100110 3 ASSISTAIS
02100111 0
02100112 0
02100120 0
02100121 0
02100122 0
02100200 0
02100201 0
02100202 0
02100210 2
02100211 0
02100212 0
02100220 0
02100221 2
02100222 1
02101000 5 ATTOUCHAS
02101001 0
02101002 6 APPENDANT
02101010 1
02101011 0
02101012 0
02101020 1
02101021 0
02101022 1
02101100 6 ASSIMILAI
02101101 0
02101102 0
02101110 1
02101111 0
02101112 0
02101120 7 ALFENIDES
02101121 0
02101122 1
02101200 0
02101201 0
02101202 0
02101210 1
02101211 0
02101212 0
02101220 0
02101221 0
02101222 0
02102000 0
02102001 0
02102002 0
02102010 0
02102011 0
02102012 0
02102020 0
02102021 0
02102022 0
02102100 4 AGRAFASSE
02102101 0
02102102 0
02102110 1
02102111 0
02102112 0
02102120 0
02102121 0
02102122 0
02102200 0
02102201 0
02102202 0
02102210 0
02102211 0
02102212 0
02102220 0
02102221 0
02102222 0
02110000 0
02110001 0
02110002 0
02110010 0
02110011 0
02110012 0
02110020 0
02110021 0
02110022 0
02110100 2
02110101 0
02110102 3 ASSIMILAI
02110110 1
02110111 0
02110112 0
02110120 0
02110121 0
02110122 0
02110200 0
02110201 0
02110202 0
02110210 0
02110211 0
02110212 0
02110220 0
02110221 1
02110222 0
02111000 2
02111001 0
02111002 0
02111010 0
02111011 0
02111012 1
02111020 1
02111021 0
02111022 0
02111100 5 AVALERONS
02111101 0
02111102 0
02111110 1
02111111 0
02111112 0
02111120 1
02111121 0
02111122 0
02111200 0
02111201 0
02111202 0
02111210 0
02111211 0
02111212 0
02111220 0
02111221 0
02111222 0
02112000 0
02112001 0
02112002 0
02112010 0
02112011 0
02112012 0
02112020 0
02112021 0
02112022 0
02112100 0
02112101 0
02112102 0
02112110 0
02112111 0
02112112 0
02112120 0
02112121 0
02112122 0
02112200 0
02112201 0
02112202 0
02112210 0
02112211 0
02112212 0
02112220 0
02112221 0
02112222 0
02120000 0
02120001 0
02120002 0
02120010 0
02120011 0
02120012 0
02120020 0
02120021 0
02120022 0
02120100 1
02120101 0
02120102 0
02120110 2
02120111 0
02120112 0
02120120 0
02120121 0
02120122 0
02120200 0
02120201 0
02120202 0
02120210 0
02120211 0
02120212 0
02120220 1
02120221 0
02120222 0
02121000 0
02121001 0
02121002 1
02121010 0
02121011 0
02121012 0
02121020 0
02121021 0
02121022 0
02121100 0
02121101 0
02121102 0
02121110 0
02121111 0
02121112 1
02121120 0
02121121 0
02121122 0
02121200 0
02121201 0
02121202 0
02121210 0
02121211 0
02121212 0
02121220 0
02121221 0
02121222 0
02122000 0
02122001 0
02122002 0
02122010 0
02122011 0
02122012 1
02122020 0
02122021 0
02122022 0
02122100 1
02122101 0
02122102 0
02122110 2
02122111 0
02122112 0
02122120 0
02122121 0
02122122 0
02122200 0
02122201 0
02122202 0
02122210 0
02122211 0
02122212 0
02122220 0
02122221 0
02122222 0
02200000 1
02200001 0
02200002 0
02200010 0
02200011 0
02200012 0
02200020 0
02200021 0
02200022 0
02200100 3 AFFLIGEES
02200101 0
02200102 0
02200110 0
02200111 0
02200112 0
02200120 3 APPARIONS
02200121 0
02200122 0
02200200 0
02200201 0
02200202 0
02200210 1
02200211 0
02200212 0
02200220 0
02200221 0
02200222 0
02201000 0
02201001 0
02201002 1
02201010 0
02201011 0
02201012 0
02201020 0
02201021 0
02201022 0
02201100 0
02201101 0
02201102 1
02201110 0
02201111 0
02201112 0
02201120 0
02201121 0
02201122 0
02201200 0
02201201 0
02201202 0
02201210 0
02201211 0
02201212 0
02201220 0
02201221 0
02201222 0
02202000 0
02202001 0
02202002 0
02202010 0
02202011 0
02202012 0
02202020 0
02202021 0
02202022 0
02202100 0
02202101 0
02202102 0
02202110 0
02202111 0
02202112 0
02202120 0
02202121 0
02202122 0
02202200 0
02202201 0
02202202 0
02202210 0
02202211 0
02202212 0
02202220 0
02202221 0
02202222 0
02210000 1
02210001 0
02210002 1
02210010 2
02210011 0
02210012 1
02210020 0
02210021 1
02210022 0
02210100 1
02210101 0
02210102 0
02210110 0
02210111 0
02210112 0
02210120 0
02210121 0
02210122 0
02210200 0
02210201 0
02210202 0
02210210 0
02210211 0
02210212 0
02210220 0
02210221 0
02210222 0
02211000 0
02211001 0
02211002 0
02211010 0
02211011 0
02211012 0
02211020 0
02211021 0
02211022 0
02211100 0
02211101 0
02211102 0
02211110 0
02211111 0
02211112 0
02211120 0
02211121 0
02211122 0
02211200 0
02211201 0
02211202 0
02211210 0
02211211 0
02211212 0
02211220 0
02211221 0
02211222 0
02212000 0
02212001 0
02212002 1
02212010 0
02212011 0
02212012 0
02212020 0
02212021 0
02212022 0
02212100 0
02212101 0
02212102 0
02212110 0
02212111 0
02212112 0
02212120 0
02212121 0
02212122 0
02212200 0
02212201 0
02212202 0
02212210 0
02212211 0
02212212 0
02212220 0
02212221 0
02212222 0
02220000 0
02220001 0
02220002 0
02220010 0
02220011 0
02220012 0
02220020 0
02220021 0
02220022 0
02220100 0
02220101 0
02220102 0
02220110 1
02220111 0
02220112 0
02220120 0
02220121 0
02220122 0
02220200 0
02220201 0
02220202 0
02220210 0
02220211 0
02220212 0
02220220 0
02220221 0
02220222 0
02221000 0
02221001 0
02221002 0
02221010 0
02221011 0
02221012 0
02221020 0
02221021 0
02221022 0
02221100 0
02221101 0
02221102 0
02221110 0
02221111 0
02221112 0
02221120 0
02221121 0
02221122 0
02221200 0
02221201 0
02221202 0
02221210 0
02221211 0
02221212 0
02221220 0
02221221 0
02221222 0
02222000 0
02222001 0
02222002 0
02222010 0
02222011 0
02222012 0
02222020 0
02222021 0
02222022 0
02222100 0
02222101 0
02222102 0
02222110 0
02222111 0
02222112 0
02222120 0
02222121 0
02222122 0
02222200 0
02222201 0
02222202 0
02222210 0
02222211 0
02222212 0
02222220 0
02222221 0
02222222 0
10000000 0
10000001 0
10000002 3 ANKYLOSER
10000010 0
10000011 0
10000012 1
10000020 2
10000021 1
10000022 2
10000100 2
10000101 0
10000102 1
10000110 1
10000111 0
10000112 6 ASSIMILAI
10000120 11 ANALCIMES
10000121 8 AFFLOUANT
10000122 0
10000200 1
10000201 0
10000202 7 ALICAMENT
10000210 0
10000211 0
10000212 1
10000220 4 AMOINDRIS
10000221 5 ASSIMILAI
10000222 0
10001000 5 ASSIMILAI
10001001 0
10001002 3 ASSIMILAI
10001010 1
10001011 0
10001012 0
10001020 8 AVEUGLENT
10001021 3 AVEUGLEES
10001022 2
10001100 14 ANTIGUAIS
10001101 0
10001102 2
10001110 7 AVEUGLENT
10001111 0
10001112 6 ANAPLASIE
10001120 15 ANNULAMES
10001121 13 AGENCEURS
10001122 0
10001200 0
10001201 0
10001202 1
10001210 1
10001211 0
10001212 1
10001220 3 AFFLIGEES
10001221 4 AVIATIONS
10001222 0
10002000 2
10002001 0
10002002 6 ARCHIVAIS
10002010 1
10002011 0
10002012 3 ALTERERAS
10002020 0
10002021 0
10002022 2
10002100 1
10002101 0
10002102 3 ASSIMILAI
10002110 0
10002111 0
10002112 1
10002120 4 AVEUGLEES
10002121 1
10002122 0
10002200 0
10002201 0
10002202 0
10002210 2
10002211 0
10002212 1
10002220 0
10002221 2
10002222 1
10010000 0
10010001 0
10010002 1
10010010 6 AGONISERA
10010011 7 ARCHIVERA
10010012 2
10010020 2
10010021 9 ANNULEREZ
10010022 1
10010100 0
10010101 0
10010102 1
10010110 16 ACCUMULAI
10010111 7 AGONISSES
10010112 3 ARROSASSE
10010120 1
10010121 6 ACHETERAI
10010122 0
10010200 0
10010201 0
10010202 0
10010210 0
10010211 0
10010212 1
10010220 6 ATTRAPAGE
10010221 3 AGONIRAIS
10010222 0
10011000 4 APPARIERA
10011001 0
10011002 5 AVEUGLEES
10011010 18 ANGLICISA
10011011 1
10011012 1
10011020 6 ASSIMILAI
10011021 12 APPRECIER
10011022 1
10011100 5 AGONIRAIS
10011101 0
10011102 0
10011110 25 ALARMERAS
10011111 1
10011112 2
10011120 2
10011121 5 ASSIMILAS
10011122 0
10011200 0
10011201 0
10011202 0
10011210 0
10011211 0
10011212 0
10011220 2
10011221 0
10011222 0
10012000 0
10012001 0
10012002 3 APPARIERA
10012010 1
10012011 0
10012012 0
10012020 0
10012021 1
10012022 0
10012100 0
10012101 0
10012102 0
10012110 1
10012111 2
10012112 2
10012120 3 ALTERERAS
10012121 0
10012122 0
10012200 0
10012201 0
10012202 0
10012210 0
10012211 0
10012212 0
10012220 0
10012221 1
10012222 0
10020000 0
10020001 0
10020002 0
10020010 0
10020011 0
10020012 1
10020020 0
10020021 4 ABSORPTIF
10020022 0
10020100 1
10020101 0
10020102 2
10020110 5 ABSOUDRAI
10020111 2
10020112 1
10020120 6 AMBASSADE
10020121 3 ALTERERAS
10020122 0
10020200 0
10020201 0
10020202 5 ABSORPTIF
10020210 0
10020211 0
10020212 1
10020220 0
10020221 0
10020222 0
10021000 0
10021001 0
10021002 0
10021010 4 ABSOUDRAI
10021011 1
10021012 1
10021020 0
10021021 0
10021022 0
10021100 0
10021101 0
10021102 0
10021110 1
10021111 0
10021112 1
10021120 0
10021121 1
10021122 0
10021200 0
10021201 0
10021202 0
10021210 0
10021211 0
10021212 0
10021220 0
10021221 0
10021222 0
10022000 0
10022001 0
10022002 1
10022010 0
10022011 0
10022012 1
10022020 0
10022021 0
10022022 0
10022100 1
10022101 0
10022102 0
10022110 1
10022111 0
10022112 0
10022120 0
10022121 1
10022122 0
10022200 0
10022201 0
10022202 0
10022210 0
10022211 0
10022212 0
10022220 0
10022221 0
10022222 0
10100000 0
10100001 0
10100002 0
10100010 0
10100011 0
10100012 1
10100020 0
10100021 0
10100022 0
10100100 6 ALLOSOMES
10100101 0
10100102 1
10100110 4 ACHETERAI
10100111 0
10100112 0
10100120 7 ALGARADES
10100121 3 ACHETERAI
10100122 0
10100200 0
10100201 0
10100202 2
10100210 0
10100211 0
10100212 0
10100220 2
10100221 1
10100222 0
10101000 2
10101001 0
10101002 0
10101010 0
10101011 0
10101012 0
10101020 3 ASSIMILAI
10101021 0
10101022 0
10101100 10 ALUMINAGE
10101101 0
10101102 0
10101110 1
10101111 0
10101112 0
10101120 8 AGENDAMES
10101121 0
10101122 0
10101200 0
10101201 0
10101202 0
10101210 0
10101211 0
10101212 0
10101220 0
10101221 0
10101222 0
10102000 1
10102001 0
10102002 1
10102010 0
10102011 0
10102012 0
10102020 1
10102021 0
10102022 1
10102100 17 ALBUMOSES
10102101 0
10102102 1
10102110 1
10102111 0
10102112 0
10102120 2
10102121 0
10102122 0
10102200 0
10102201 0
10102202 1
10102210 0
10102211 0
10102212 0
10102220 0
10102221 0
10102222 0
10110000 0
10110001 0
10110002 1
10110010 3 ASSIMILAI
10110011 0
10110012 1
10110020 2
10110021 2
10110022 1
10110100 2
10110101 0
10110102 0
10110110 16 AMORCABLE
10110111 0
10110112 1
10110120 1
10110121 0
10110122 0
10110200 0
10110201 0
10110202 0
10110210 0
10110211 0
10110212 0
10110220 0
10110221 0
10110222 0
10111000 2
10111001 0
10111002 1
10111010 3 ALTERERAS
10111011 0
10111012 0
10111020 0
10111021 1
10111022 0
10111100 6 AGONIRAIS
10111101 0
10111102 0
10111110 2
10111111 0
10111112 0
10111120 1
10111121 0
10111122 0
10111200 0
10111201 0
10111202 0
10111210 0
10111211 0
10111212 0
10111220 0
10111221 0
10111222 0
10112000 1
10112001 0
10112002 0
10112010 0
10112011 0
10112012 0
10112020 2
10112021 0
10112022 0
10112100 1
10112101 0
10112102 0
10112110 0
10112111 0
10112112 0
10112120 0
10112121 0
10112122 0
10112200 0
10112201 0
10112202 0
10112210 0
10112211 0
10112212 0
10112220 0
10112221 0
10112222 0
10120000 1
10120001 0
10120002 1
10120010 1
10120011 0
10120012 0
10120020 0
10120021 2
10120022 0
10120100 1
10120101 0
10120102 1
10120110 2
10120111 0
10120112 1
10120120 3 ABOMBAMES
10120121 3 AGONIRAIS
10120122 0
10120200 0
10120201 0
10120202 2
10120210 0
10120211 0
10120212 0
10120220 1
10120221 0
10120222 0
10121000 1
10121001 0
10121002 0
10121010 2
10121011 0
10121012 0
10121020 1
10121021 0
10121022 0
10121100 1
10121101 0
10121102 0
10121110 0
10121111 0
10121112 0
10121120 1
10121121 0
10121122 0
10121200 0
10121201 0
10121202 0
10121210 0
10121211 0
10121212 0
10121220 0
10121221 0
10121222 0
10122000 0
10122001 0
10122002 0
10122010 0
10122011 0
10122012 0
10122020 0
10122021 0
10122022 0
10122100 7 ADJURAMES
10122101 0
10122102 0
10122110 1
10122111 0
10122112 0
10122120 0
10122121 0
10122122 0
10122200 0
10122201 0
10122202 0
10122210 0
10122211 0
10122212 0
10122220 0
10122221 0
10122222 0
10200000 0
10200001 0
10200002 3 ASSIMILAI
10200010 0
10200011 0
10200012 0
10200020 4 APPARIERA
10200021 0
10200022 3 AVEUGLEES
10200100 4 ALTERERAS
10200101 0
10200102 0
10200110 0
10200111 0
10200112 0
10200120 6 ASSIMILAI
10200121 3 ALLOSOMES
10200122 0
10200200 0
10200201 0
10200202 3 APLANIRAI
10200210 0
10200211 0
10200212 0
10200220 0
10200221 0
10200222 0
10201000 4 ASSIMILAI
10201001 0
10201002 1
10201010 0
10201011 0
10201012 0
10201020 2
10201021 0
10201022 0
10201100 3 AUTODAFES
10201101 0
10201102 1
10201110 0
10201111 0
10201112 0
10201120 2
10201121 0
10201122 0
10201200 0
10201201 0
10201202 0
10201210 0
10201211 0
10201212 0
10201220 0
10201221 0
10201222 0
10202000 2
10202001 0
10202002 4 AVEUGLENT
10202010 0
10202011 0
10202012 0
10202020 0
10202021 0
10202022 0
10202100 3 ASSIMILAI
10202101 0
10202102 1
10202110 0
10202111 0
10202112 0
10202120 0
10202121 0
10202122 0
10202200 0
10202201 0
10202202 0
10202210 0
10202211 0
10202212 0
10202220 0
10202221 0
10202222 0
10210000 2
10210001 0
10210002 3 ARROSASSE
10210010 4 AICHERAIT
10210011 0
10210012 0
10210020 6 ALTERNERA
10210021 3 ATTOUCHAS
10210022 1
10210100 4 AGONIRAIS
10210101 0
10210102 1
10210110 5 ASSIMILAI
10210111 0
10210112 1
10210120 3 AFFLIGEES
10210121 0
10210122 0
10210200 0
10210201 0
10210202 0
10210210 0
10210211 0
10210212 0
10210220 1
10210221 0
10210222 0
10211000 4 APPARIERA
10211001 0
10211002 1
10211010 3 ALTERERAS
10211011 0
10211012 0
10211020 1
10211021 0
10211022 0
10211100 9 APPENDAIS
10211101 0
10211102 1
10211110 1
10211111 0
10211112 0
10211120 2
10211121 0
10211122 0
10211200 0
10211201 0
10211202 0
10211210 0
10211211 0
10211212 0
10211220 0
10211221 0
10211222 0
10212000 1
10212001 0
10212002 0
10212010 0
10212011 0
10212012 1
10212020 0
10212021 0
10212022 0
10212100 2
10212101 0
10212102 1
10212110 0
10212111 0
10212112 0
10212120 0
10212121 0
10212122 0
10212200 0
10212201 0
10212202 0
10212210 0
10212211 0
10212212 0
10212220 0
10212221 0
10212222 0
10220000 0
10220001 0
10220002 0
10220010 1
10220011 0
10220012 0
10220020 0
10220021 0
10220022 0
10220100 0
10220101 0
10220102 0
10220110 2
10220111 0
10220112 1
10220120 0
10220121 0
10220122 0
10220200 0
10220201 0
10220202 0
10220210 0
10220211 0
10220212 0
10220220 0
10220221 0
10220222 0
10221000 0
10221001 0
10221002 0
10221010 0
10221011 0
10221012 0
10221020 0
10221021 0
10221022 0
10221100 0
10221101 0
10221102 0
10221110 0
10221111 0
10221112 0
10221120 0
10221121 0
10221122 0
10221200 0
10221201 0
10221202 0
10221210 0
10221211 0
10221212 0
10221220 0
10221221 0
10221222 0
10222000 1
10222001 0
10222002 0
10222010 0
10222011 0
10222012 0
10222020 0
10222021 0
10222022 0
10222100 0
10222101 0
10222102 0
10222110 0
10222111 0
10222112 0
10222120 0
10222121 0
10222122 0
10222200 0
10222201 0
10222202 0
10222210 0
10222211 0
10222212 0
10222220 0
10222221 0
10222222 0
11000000 5 AFFLIGENT
11000001 0
11000002 5 AVEUGLEES
11000010 7 AVEUGLEES
11000011 3 ALTERERAS
11000012 2
11000020 0
11000021 2
11000022 1
11000100 4 AVEUGLEES
11000101 0
11000102 1
11000110 2
11000111 1
11000112 5 ACCORASSE
11000120 17 AMPLECTIF
11000121 9 ABATTABLE
11000122 0
11000200 0
11000201 0
11000202 3 AFFERMAIS
11000210 0
11000211 0
11000212 1
11000220 0
11000221 2
11000222 0
11001000 22 ALUMINAIS
11001001 0
11001002 8 AFFLIGIEZ
11001010 12 ACIDALIES
11001011 0
11001012 0
11001020 3 ATTERRIRA
11001021 0
11001022 2
11001100 9 ASSIMILAI
11001101 0
11001102 1
11001110 4 AGRESSONS
11001111 0
11001112 0
11001120 6 ACHEVAMES
11001121 2
11001122 0
11001200 0
11001201 0
11001202 0
11001210 0
11001211 0
11001212 0
11001220 0
11001221 0
11001222 0
11002000 2
11002001 0
11002002 5 APPARTINT
11002010 3 AFFLIGEES
11002011 0
11002012 1
11002020 0
11002021 0
11002022 0
11002100 0
11002101 0
11002102 3 ASSIMILAI
11002110 2
11002111 0
11002112 3 AVEUGLEES
11002120 0
11002121 1
11002122 0
11002200 0
11002201 0
11002202 1
11002210 1
11002211 0
11002212 0
11002220 0
11002221 0
11002222 0
11010000 2
11010001 0
11010002 2
11010010 11 ABSTENAIT
11010011 15 APPRENDRA
11010012 3 ARROSASSE
11010020 0
11010021 8 AMPUTEREZ
11010022 2
11010100 1
11010101 0
11010102 1
11010110 12 ALLUMERAI
11010111 5 ABSOUDRAS
11010112 0
11010120 4 ATTOUCHAS
11010121 7 ADOPTEREZ
11010122 0
11010200 0
11010201 0
11010202 0
11010210 0
11010211 0
11010212 0
11010220 0
11010221 0
11010222 0
11011000 5 AGONIRAIS
11011001 0
11011002 1
11011010 20 AMURERENT
11011011 2
11011012 0
11011020 2
11011021 1
11011022 0
11011100 1
11011101 0
11011102 1
11011110 4 AMOINDRIS
11011111 0
11011112 0
11011120 2
11011121 0
11011122 0
11011200 0
11011201 0
11011202 0
11011210 0
11011211 0
11011212 0
11011220 0
11011221 0
11011222 0
11012000 3 ATTOUCHAS
11012001 0
11012002 0
11012010 5 ARPEGEREZ
11012011 0
11012012 0
11012020 3 ADOPTEREZ
11012021 0
11012022 1
11012100 2
11012101 0
11012102 0
11012110 0
11012111 0
11012112 0
11012120 3 AFFERMAIS
11012121 0
11012122 0
11012200 0
11012201 0
11012202 1
11012210 0
11012211 0
11012212 0
11012220 0
11012221 0
11012222 0
11020000 0
11020001 0
11020002 0
11020010 2
11020011 2
11020012 1
11020020 0
11020021 0
11020022 0
11020100 0
11020101 0
11020102 0
11020110 1
11020111 0
11020112 0
11020120 5 ABSORPTIF
11020121 2
11020122 0
11020200 0
11020201 0
11020202 0
11020210 0
11020211 0
11020212 0
11020220 1
11020221 0
11020222 0
11021000 0
11021001 0
11021002 0
11021010 1
11021011 0
11021012 0
11021020 0
11021021 1
11021022 0
11021100 0
11021101 0
11021102 1
11021110 1
11021111 0
11021112 0
11021120 0
11021121 0
11021122 0
11021200 0
11021201 0
11021202 0
11021210 0
11021211 0
11021212 0
11021220 0
11021221 0
11021222 0
11022000 0
11022001 0
11022002 0
11022010 0
11022011 0
11022012 0
11022020 0
11022021 0
11022022 0
11022100 0
11022101 0
11022102 0
11022110 0
11022111 0
11022112 0
11022120 0
11022121 1
11022122 0
11022200 0
11022201 0
11022202 0
11022210 0
11022211 0
11022212 0
11022220 0
11022221 0
11022222 0
11100000 5 ADOPTIONS
11100001 0
11100002 0
11100010 4 AMBRAIENT
11100011 1
11100012 0
11100020 0
11100021 0
11100022 0
11100100 0
11100101 0
11100102 0
11100110 0
11100111 0
11100112 1
11100120 7 ABOTTAMES
11100121 1
11100122 0
11100200 0
11100201 0
11100202 2
11100210 0
11100211 0
11100212 0
11100220 1
11100221 1
11100222 0
11101000 7 ANABOLITE
11101001 0
11101002 0
11101010 1
11101011 0
11101012 1
11101020 0
11101021 0
11101022 0
11101100 1
11101101 0
11101102 0
11101110 0
11101111 0
11101112 0
11101120 6 APOENZYME
11101121 0
11101122 0
11101200 0
11101201 0
11101202 0
11101210 0
11101211 0
11101212 0
11101220 0
11101221 0
11101222 0
11102000 1
11102001 0
11102002 0
11102010 2
11102011 0
11102012 1
11102020 0
11102021 0
11102022 0
11102100 6 ADOUBAMES
11102101 0
11102102 0
11102110 1
11102111 0
11102112 0
11102120 3 ANTIDATAI
11102121 0
11102122 0
11102200 0
11102201 0
11102202 1
11102210 0
11102211 0
11102212 0
11102220 0
11102221 0
11102222 0
11110000 2
11110001 0
11110002 1
11110010 10 ALARMEREZ
11110011 2
11110012 1
11110020 2
11110021 2
11110022 1
11110100 1
11110101 0
11110102 0
11110110 7 APLOMBANT
11110111 0
11110112 1
11110120 1
11110121 0
11110122 0
11110200 0
11110201 0
11110202 0
11110210 0
11110211 0
11110212 0
11110220 0
11110221 0
11110222 0
11111000 4 APPARIERA
11111001 0
11111002 0
11111010 4 ABSTENAIS
11111011 0
11111012 0
11111020 0
11111021 1
11111022 0
11111100 2
11111101 0
11111102 0
11111110 2
11111111 0
11111112 0
11111120 2
11111121 0
11111122 0
11111200 0
11111201 0
11111202 0
11111210 0
11111211 0
11111212 0
11111220 0
11111221 0
11111222 0
11112000 1
11112001 0
11112002 0
11112010 0
11112011 0
11112012 0
11112020 1
11112021 0
11112022 0
11112100 1
11112101 0
11112102 0
11112110 0
11112111 0
11112112 0
11112120 0
11112121 0
11112122 0
11112200 0
11112201 0
11112202 0
11112210 0
11112211 0
11112212 0
11112220 0
11112221 0
11112222 0
11120000 1
11120001 0
11120002 0
11120010 1
11120011 0
11120012 1
11120020 0
11120021 0
11120022 0
11120100 0
11120101 0
11120102 0
11120110 1
11120111 0
11120112 0
11120120 2
11120121 0
11120122 0
11120200 0
11120201 0
11120202 0
11120210 0
11120211 0
11120212 0
11120220 0
11120221 0
11120222 0
11121000 1
11121001 0
11121002 0
11121010 0
11121011 0
11121012 0
11121020 0
11121021 0
11121022 0
11121100 0
11121101 0
11121102 0
11121110 0
11121111 0
11121112 0
11121120 0
11121121 0
11121122 0
11121200 0
11121201 0
11121202 0
11121210 0
11121211 0
11121212 0
11121220 0
11121221 0
11121222 0
11122000 0
11122001 0
11122002 0
11122010 0
11122011 0
11122012 0
11122020 0
11122021 0
11122022 0
11122100 0
11122101 0
11122102 0
11122110 0
11122111 0
11122112 0
11122120 0
11122121 0
11122122 0
11122200 0
11122201 0
11122202 0
11122210 0
11122211 0
11122212 0
11122220 0
11122221 0
11122222 0
11200000 5 ASSIMILAI
11200001 0
11200002 1
11200010 2
11200011 0
11200012 0
11200020 0
11200021 0
11200022 0
11200100 0
11200101 0
11200102 0
11200110 0
11200111 0
11200112 0
11200120 3 ATTOUCHAS
11200121 0
11200122 0
11200200 0
11200201 0
11200202 0
11200210 0
11200211 0
11200212 0
11200220 0
11200221 0
11200222 0
11201000 2
11201001 0
11201002 0
11201010 0
11201011 0
11201012 0
11201020 0
11201021 1
11201022 0
11201100 2
11201101 0
11201102 1
11201110 0
11201111 0
11201112 1
11201120 0
11201121 0
11201122 0
11201200 0
11201201 0
11201202 0
11201210 0
11201211 0
11201212 0
11201220 0
11201221 0
11201222 0
11202000 0
11202001 0
11202002 2
11202010 0
11202011 0
11202012 0
11202020 0
11202021 0
11202022 0
11202100 0
11202101 0
11202102 0
11202110 0
11202111 0
11202112 0
11202120 2
11202121 0
11202122 0
11202200 0
11202201 0
11202202 0
11202210 0
11202211 0
11202212 0
11202220 0
11202221 0
11202222 0
11210000 3 ARCHIVAIS
11210001 0
11210002 1
11210010 2
11210011 0
11210012 1
11210020 2
11210021 0
11210022 1
11210100 1
11210101 0
11210102 0
11210110 1
11210111 0
11210112 0
11210120 1
11210121 0
11210122 0
11210200 0
11210201 0
11210202 0
11210210 0
11210211 0
11210212 0
11210220 0
11210221 0
11210222 0
11211000 4 ATTERRIRA
11211001 0
11211002 0
11211010 0
11211011 0
11211012 0
11211020 0
11211021 0
11211022 0
11211100 1
11211101 0
11211102 0
11211110 1
11211111 0
11211112 0
11211120 1
11211121 0
11211122 0
11211200 0
11211201 0
11211202 0
11211210 0
11211211 0
11211212 0
11211220 0
11211221 0
11211222 0
11212000 0
11212001 0
11212002 2
11212010 0
11212011 0
11212012 0
11212020 0
11212021 0
11212022 0
11212100 0
11212101 0
11212102 0
11212110 0
11212111 0
11212112 0
11212120 0
11212121 0
11212122 0
11212200 0
11212201 0
11212202 0
11212210 0
11212211 0
11212212 0
11212220 0
11212221 0
11212222 0
11220000 0
11220001 0
11220002 0
11220010 2
11220011 0
11220012 0
11220020 0
11220021 0
11220022 0
11220100 0
11220101 0
11220102 0
11220110 0
11220111 0
11220112 0
11220120 0
11220121 0
11220122 0
11220200 0
11220201 0
11220202 0
11220210 0
11220211 0
11220212 0
11220220 0
11220221 0
11220222 0
11221000 0
11221001 0
11221002 0
11221010 0
11221011 0
11221012 0
11221020 0
11221021 0
11221022 0
11221100 0
11221101 0
11221102 0
11221110 0
11221111 0
11221112 0
11221120 0
11221121 0
11221122 0
11221200 0
11221201 0
11221202 0
11221210 0
11221211 0
11221212 0
11221220 0
11221221 0
11221222 0
11222000 0
11222001 0
11222002 0
11222010 0
11222011 0
11222012 0
11222020 0
11222021 0
11222022 0
11222100 0
11222101 0
11222102 0
11222110 0
11222111 0
11222112 0
11222120 0
11222121 0
11222122 0
11222200 0
11222201 0
11222202 0
11222210 0
11222211 0
11222212 0
11222220 0
11222221 0
11222222 0
12000000 1
12000001 0
12000002 0
12000010 2
12000011 1
12000012 1
12000020 0
12000021 0
12000022 0
12000100 0
12000101 0
12000102 0
12000110 0
12000111 0
12000112 0
12000120 0
12000121 4 AVEUGLEES
12000122 0
12000200 0
12000201 0
12000202 0
12000210 0
12000211 0
12000212 0
12000220 1
12000221 0
12000222 0
12001000 3 ASSIMILAI
12001001 0
12001002 4 ANTIFUITE
12001010 2
12001011 0
12001012 1
12001020 2
12001021 1
12001022 1
12001100 8 AGONIRAIS
12001101 0
12001102 2
12001110 2
12001111 0
12001112 0
12001120 5 APLANIRAI
12001121 3 ALBINISME
12001122 0
12001200 0
12001201 0
12001202 0
12001210 0
12001211 0
12001212 0
12001220 0
12001221 0
12001222 0
12002000 0
12002001 0
12002002 1
12002010 0
12002011 0
12002012 0
12002020 0
12002021 0
12002022 0
12002100 1
12002101 0
12002102 1
12002110 1
12002111 0
12002112 0
12002120 0
12002121 0
12002122 0
12002200 0
12002201 0
12002202 0
12002210 0
12002211 0
12002212 0
12002220 0
12002221 0
12002222 0
12010000 0
12010001 0
12010002 0
12010010 3 APPARIERA
12010011 1
12010012 0
12010020 0
12010021 0
12010022 0
12010100 0
12010101 0
12010102 0
12010110 0
12010111 0
12010112 0
12010120 0
12010121 0
12010122 0
12010200 0
12010201 0
12010202 0
12010210 0
12010211 0
12010212 0
12010220 0
12010221 0
12010222 0
12011000 10 ARBITRAIS
12011001 0
12011002 0
12011010 2
12011011 0
12011012 0
12011020 9 ARBITRAIT
12011021 0
12011022 3 ABLOQUIEZ
12011100 5 ABSTENAIT
12011101 0
12011102 0
12011110 3 ARASASSES
12011111 0
12011112 0
12011120 3 ATTOWEBER
12011121 0
12011122 0
12011200 0
12011201 0
12011202 0
12011210 0
12011211 0
12011212 0
12011220 0
12011221 0
12011222 0
12012000 0
12012001 0
12012002 0
12012010 0
12012011 0
12012012 0
12012020 0
12012021 0
12012022 0
12012100 1
12012101 0
12012102 0
12012110 0
12012111 0
12012112 0
12012120 1
12012121 0
12012122 0
12012200 0
12012201 0
12012202 2
12012210 0
12012211 0
12012212 0
12012220 0
12012221 0
12012222 0
12020000 0
12020001 0
12020002 0
12020010 0
12020011 0
12020012 0
12020020 0
12020021 0
12020022 0
12020100 0
12020101 0
12020102 0
12020110 0
12020111 0
12020112 0
12020120 0
12020121 0
12020122 0
12020200 0
12020201 0
12020202 0
12020210 0
12020211 0
12020212 0
12020220 0
12020221 0
12020222 0
12021000 0
12021001 0
12021002 0
12021010 0
12021011 0
12021012 0
12021020 0
12021021 0
12021022 0
12021100 0
12021101 0
12021102 0
12021110 0
12021111 0
12021112 0
12021120 0
12021121 0
12021122 0
12021200 0
12021201 0
12021202 1
12021210 0
12021211 0
12021212 0
12021220 0
12021221 0
12021222 0
12022000 0
12022001 0
12022002 0
12022010 0
12022011 1
12022012 0
12022020 0
12022021 0
12022022 0
12022100 0
12022101 0
12022102 0
12022110 1
12022111 0
12022112 0
12022120 0
12022121 0
12022122 0
12022200 0
12022201 0
12022202 0
12022210 0
12022211 0
12022212 0
12022220 0
12022221 0
12022222 0
12100000 0
12100001 0
12100002 0
12100010 0
12100011 0
12100012 0
12100020 0
12100021 0
12100022 0
12100100 1
12100101 0
12100102 0
12100110 1
12100111 0
12100112 0
12100120 0
12100121 0
12100122 0
12100200 0
12100201 0
12100202 0
12100210 0
12100211 0
12100212 0
12100220 0
12100221 0
12100222 0
12101000 1
12101001 0
12101002 0
12101010 0
12101011 0
12101012 0
12101020 0
12101021 0
12101022 0
12101100 2
12101101 0
12101102 0
12101110 0
12101111 0
12101112 0
12101120 0
12101121 0
12101122 0
12101200 0
12101201 0
12101202 0
12101210 0
12101211 0
12101212 0
12101220 0
12101221 0
12101222 0
12102000 0
12102001 0
12102002 0
12102010 0
12102011 0
12102012 0
12102020 0
12102021 0
12102022 0
12102100 0
12102101 0
12102102 0
12102110 0
12102111 0
12102112 0
12102120 0
12102121 0
12102122 0
12102200 0
12102201 0
12102202 0
12102210 0
12102211 0
12102212 0
12102220 0
12102221 0
12102222 0
12110000 1
12110001 0
12110002 0
12110010 0
12110011 0
12110012 0
12110020 2
12110021 0
12110022 1
12110100 1
12110101 0
12110102 0
12110110 0
12110111 0
12110112 0
12110120 1
12110121 0
12110122 0
12110200 0
12110201 0
12110202 0
12110210 0
12110211 0
12110212 0
12110220 0
12110221 0
12110222 0
12111000 1
12111001 0
12111002 0
12111010 0
12111011 0
12111012 0
12111020 0
12111021 0
12111022 0
12111100 0
12111101 0
12111102 0
12111110 0
12111111 0
12111112 0
12111120 0
12111121 0
12111122 0
12111200 0
12111201 0
12111202 0
12111210 0
12111211 0
12111212 0
12111220 0
12111221 0
12111222 0
12112000 0
12112001 0
12112002 0
12112010 0
12112011 0
12112012 0
12112020 0
12112021 0
12112022 0
12112100 0
12112101 0
12112102 0
12112110 0
12112111 0
12112112 0
12112120 0
12112121 0
12112122 0
12112200 0
12112201 0
12112202 0
12112210 0
12112211 0
12112212 0
12112220 0
12112221 0
12112222 0
12120000 0
12120001 0
12120002 0
12120010 0
12120011 0
12120012 0
12120020 0
12120021 0
12120022 0
12120100 0
12120101 0
12120102 0
12120110 0
12120111 0
12120112 0
12120120 0
12120121 0
12120122 0
12120200 0
12120201 0
12120202 0
12120210 0
12120211 0
12120212 0
12120220 0
12120221 0
12120222 0
12121000 0
12121001 0
12121002 0
12121010 0
12121011 0
12121012 0
12121020 0
12121021 0
12121022 0
12121100 0
12121101 0
12121102 0
12121110 0
12121111 0
12121112 0
12121120 0
12121121 0
12121122 0
12121200 0
12121201 0
12121202 0
12121210 0
12121211 0
12121212 0
12121220 0
12121221 0
12121222 0
12122000 0
12122001 0
12122002 0
12122010 0
12122011 0
12122012 0
12122020 0
12122021 0
12122022 0
12122100 0
12122101 0
12122102 0
12122110 0
12122111 0
12122112 0
12122120 0
12122121 0
12122122 0
12122200 0
12122201 0
12122202 0
12122210 0
12122211 0
12122212 0
12122220 0
12122221 0
12122222 0
12200000 1
12200001 0
12200002 1
12200010 0
12200011 0
12200012 0
12200020 2
12200021 0
12200022 1
12200100 2
12200101 0
12200102 0
12200110 0
12200111 0
12200112 0
12200120 1
12200121 0
12200122 0
12200200 0
12200201 0
12200202 0
12200210 0
12200211 0
12200212 0
12200220 0
12200221 0
12200222 0
12201000 1
12201001 0
12201002 0
12201010 0
12201011 0
12201012 0
12201020 0
12201021 0
12201022 0
12201100 0
12201101 0
12201102 0
12201110 0
12201111 0
12201112 0
12201120 0
12201121 0
12201122 0
12201200 0
12201201 0
12201202 0
12201210 0
12201211 0
12201212 0
12201220 0
12201221 0
12201222 0
12202000 0
12202001 0
12202002 0
12202010 0
12202011 0
12202012 0
12202020 0
12202021 0
12202022 0
12202100 0
12202101 0
12202102 0
12202110 0
12202111 0
12202112 0
12202120 0
12202121 0
12202122 0
12202200 0
12202201 0
12202202 0
12202210 0
12202211 0
12202212 0
12202220 0
12202221 0
12202222 0
12210000 0
12210001 0
12210002 0
12210010 0
12210011 0
12210012 0
12210020 1
12210021 0
12210022 0
12210100 0
12210101 0
12210102 0
12210110 0
12210111 0
12210112 0
12210120 0
12210121 0
12210122 0
12210200 0
12210201 0
12210202 0
12210210 0
12210211 0
12210212 0
12210220 0
12210221 0
12210222 0
12211000 0
12211001 0
12211002 1
12211010 0
12211011 0
12211012 0
12211020 0
12211021 0
12211022 0
12211100 0
12211101 0
12211102 0
12211110 0
12211111 0
12211112 0
12211120 0
12211121 0
12211122 0
12211200 0
12211201 0
12211202 0
12211210 0
12211211 0
12211212 0
12211220 0
12211221 0
12211222 0
12212000 0
12212001 0
12212002 0
12212010 0
12212011 0
12212012 0
12212020 0
12212021 0
12212022 0
12212100 0
12212101 0
12212102 0
12212110 0
12212111 0
12212112 0
12212120 0
12212121 0
12212122 0
12212200 0
12212201 0
12212202 0
12212210 0
12212211 0
12212212 0
12212220 0
12212221 0
12212222 0
12220000 0
12220001 0
12220002 0
12220010 0
12220011 0
12220012 0
12220020 0
12220021 0
12220022 0
12220100 0
12220101 0
12220102 0
12220110 0
12220111 0
12220112 0
12220120 0
12220121 0
12220122 0
12220200 0
12220201 0
12220202 0
12220210 0
12220211 0
12220212 0
12220220 0
12220221 0
12220222 0
12221000 0
12221001 0
12221002 0
12221010 0
12221011 0
12221012 0
12221020 0
12221021 0
12221022 0
12221100 0
12221101 0
12221102 0
12221110 0
12221111 0
12221112 0
12221120 0
12221121 0
12221122 0
12221200 0
12221201 0
12221202 0
12221210 0
12221211 0
12221212 0
12221220 0
12221221 0
12221222 0
12222000 0
12222001 0
12222002 0
12222010 0
12222011 0
12222012 0
12222020 0
12222021 0
12222022 0
12222100 0
12222101 0
12222102 0
12222110 0
12222111 0
12222112 0
12222120 0
12222121 0
12222122 0
12222200 0
12222201 0
12222202 0
12222210 0
12222211 0
12222212 0
12222220 0
12222221 0
12222222 0
20000000 0
20000001 0
20000002 0
20000010 0
20000011 0
20000012 0
20000020 0
20000021 0
20000022 0
20000100 0
20000101 0
20000102 0
20000110 0
20000111 0
20000112 0
20000120 0
20000121 0
20000122 0
20000200 0
20000201 0
20000202 0
20000210 0
20000211 0
20000212 0
20000220 0
20000221 0
20000222 0
20001000 0
20001001 0
20001002 0
20001010 1
20001011 0
20001012 0
20001020 0
20001021 1
20001022 1
20001100 0
20001101 0
20001102 0
20001110 1
20001111 0
20001112 0
20001120 2
20001121 1
20001122 0
20001200 0
20001201 0
20001202 1
20001210 0
20001211 0
20001212 0
20001220 0
20001221 0
20001222 0
20002000 0
20002001 0
20002002 0
20002010 1
20002011 0
20002012 0
20002020 0
20002021 0
20002022 0
20002100 0
20002101 0
20002102 0
20002110 0
20002111 0
20002112 0
20002120 0
20002121 1
20002122 0
20002200 0
20002201 0
20002202 0
20002210 0
20002211 0
20002212 0
20002220 0
20002221 0
20002222 0
20010000 0
20010001 0
20010002 0
20010010 0
20010011 0
20010012 0
20010020 0
20010021 0
20010022 0
20010100 0
20010101 0
20010102 0
20010110 0
20010111 0
20010112 0
20010120 0
20010121 0
20010122 0
20010200 0
20010201 0
20010202 0
20010210 0
20010211 0
20010212 0
20010220 0
20010221 0
20010222 0
20011000 0
20011001 0
20011002 0
20011010 1
20011011 0
20011012 0
20011020 0
20011021 2
20011022 1
20011100 0
20011101 0
20011102 0
20011110 1
20011111 0
20011112 0
20011120 1
20011121 2
20011122 0
20011200 0
20011201 0
20011202 0
20011210 0
20011211 0
20011212 0
20011220 0
20011221 0
20011222 0
20012000 0
20012001 0
20012002 1
20012010 1
20012011 0
20012012 0
20012020 1
20012021 0
20012022 0
20012100 1
20012101 0
20012102 0
20012110 0
20012111 0
20012112 0
20012120 0
20012121 1
20012122 0
20012200 0
20012201 0
20012202 0
20012210 0
20012211 0
20012212 0
20012220 0
20012221 0
20012222 0
20020000 0
20020001 0
20020002 0
20020010 0
20020011 0
20020012 0
20020020 0
20020021 1
20020022 0
20020100 0
20020101 0
20020102 0
20020110 1
20020111 0
20020112 0
20020120 2
20020121 0
20020122 0
20020200 0
20020201 0
20020202 1
20020210 0
20020211 0
20020212 0
20020220 0
20020221 0
20020222 0
20021000 0
20021001 0
20021002 0
20021010 1
20021011 0
20021012 1
20021020 0
20021021 0
20021022 0
20021100 0
20021101 0
20021102 0
20021110 0
20021111 0
20021112 0
20021120 0
20021121 0
20021122 0
20021200 0
20021201 0
20021202 0
20021210 0
20021211 0
20021212 0
20021220 0
20021221 0
20021222 0
20022000 0
20022001 0
20022002 0
20022010 0
20022011 0
20022012 0
20022020 0
20022021 0
20022022 0
20022100 0
20022101 0
20022102 0
20022110 0
20022111 0
20022112 0
20022120 0
20022121 0
20022122 0
20022200 0
20022201 0
20022202 0
20022210 0
20022211 0
20022212 0
20022220 0
20022221 0
20022222 0
20100000 0
20100001 0
20100002 0
20100010 0
20100011 0
20100012 0
20100020 0
20100021 0
20100022 0
20100100 0
20100101 0
20100102 0
20100110 0
20100111 0
20100112 0
20100120 1
20100121 0
20100122 0
20100200 0
20100201 0
20100202 0
20100210 0
20100211 0
20100212 0
20100220 0
20100221 0
20100222 0
20101000 0
20101001 0
20101002 0
20101010 0
20101011 0
20101012 0
20101020 0
20101021 0
20101022 0
20101100 0
20101101 0
20101102 0
20101110 0
20101111 0
20101112 0
20101120 0
20101121 0
20101122 0
20101200 0
20101201 0
20101202 0
20101210 0
20101211 0
20101212 0
20101220 0
20101221 0
20101222 0
20102000 0
20102001 0
20102002 0
20102010 0
20102011 0
20102012 0
20102020 0
20102021 0
20102022 0
20102100 1
20102101 0
20102102 0
20102110 0
20102111 0
20102112 0
20102120 0
20102121 0
20102122 0
20102200 0
20102201 0
20102202 0
20102210 0
20102211 0
20102212 0
20102220 0
20102221 0
20102222 0
20110000 0
20110001 0
20110002 0
20110010 0
20110011 1
20110012 0
20110020 0
20110021 0
20110022 0
20110100 0
20110101 0
20110102 0
20110110 1
20110111 0
20110112 0
20110120 0
20110121 1
20110122 0
20110200 0
20110201 0
20110202 0
20110210 0
20110211 0
20110212 0
20110220 0
20110221 0
20110222 0
20111000 1
20111001 0
20111002 0
20111010 0
20111011 0
20111012 0
20111020 0
20111021 1
20111022 0
20111100 0
20111101 0
20111102 0
20111110 1
20111111 0
20111112 0
20111120 0
20111121 0
20111122 0
20111200 0
20111201 0
20111202 0
20111210 0
20111211 0
20111212 0
20111220 0
20111221 0
20111222 0
20112000 0
20112001 0
20112002 0
20112010 0
20112011 0
20112012 0
20112020 0
20112021 0
20112022 0
20112100 1
20112101 0
20112102 0
20112110 0
20112111 0
20112112 0
20112120 0
20112121 0
20112122 0
20112200 0
20112201 0
20112202 0
20112210 0
20112211 0
20112212 0
20112220 0
20112221 0
20112222 0
20120000 0
20120001 0
20120002 0
20120010 0
20120011 0
20120012 0
20120020 0
20120021 0
20120022 0
20120100 0
20120101 0
20120102 0
20120110 0
20120111 0
20120112 0
20120120 0
20120121 0
20120122 0
20120200 0
20120201 0
20120202 0
20120210 0
20120211 0
20120212 0
20120220 0
20120221 0
20120222 0
20121000 0
20121001 0
20121002 0
20121010 0
20121011 0
20121012 0
20121020 0
20121021 0
20121022 0
20121100 0
20121101 0
20121102 0
20121110 0
20121111 0
20121112 0
20121120 0
20121121 0
20121122 0
20121200 0
20121201 0
20121202 0
20121210 0
20121211 0
20121212 0
20121220 0
20121221 0
20121222 0
20122000 0
20122001 0
20122002 0
20122010 0
20122011 0
20122012 0
20122020 0
20122021 0
20122022 0
20122100 1
20122101 0
20122102 0
20122110 1
20122111 0
20122112 0
20122120 0
20122121 0
20122122 0
20122200 0
20122201 0
20122202 0
20122210 0
20122211 0
20122212 0
20122220 0
20122221 0
20122222 0
20200000 0
20200001 0
20200002 0
20200010 0
20200011 0
20200012 0
20200020 0
20200021 0
20200022 0
20200100 0
20200101 0
20200102 0
20200110 0
20200111 0
20200112 0
20200120 0
20200121 0
20200122 0
20200200 0
20200201 0
20200202 0
20200210 0
20200211 0
20200212 0
20200220 0
20200221 0
20200222 0
20201000 0
20201001 0
20201002 0
20201010 0
20201011 0
20201012 0
20201020 0
20201021 0
20201022 0
20201100 0
20201101 0
20201102 0
20201110 0
20201111 0
20201112 0
20201120 0
20201121 0
20201122 0
20201200 0
20201201 0
20201202 0
20201210 0
20201211 0
20201212 0
20201220 0
20201221 0
20201222 0
20202000 0
20202001 0
20202002 0
20202010 0
20202011 0
20202012 0
20202020 0
20202021 0
20202022 0
20202100 0
20202101 0
20202102 0
20202110 0
20202111 0
20202112 0
20202120 0
20202121 0
20202122 0
20202200 0
20202201 0
20202202 0
20202210 0
20202211 0
20202212 0
20202220 0
20202221 0
20202222 0
20210000 0
20210001 0
20210002 0
20210010 0
20210011 0
20210012 0
20210020 0
20210021 0
20210022 0
20210100 0
20210101 0
20210102 0
20210110 0
20210111 0
20210112 0
20210120 0
20210121 0
20210122 0
20210200 0
20210201 0
20210202 0
20210210 0
20210211 0
20210212 0
20210220 0
20210221 0
20210222 0
20211000 0
20211001 0
20211002 0
20211010 0
20211011 0
20211012 1
20211020 0
20211021 0
20211022 0
20211100 0
20211101 0
20211102 0
20211110 0
20211111 0
20211112 0
20211120 0
20211121 0
20211122 0
20211200 0
20211201 0
20211202 0
20211210 0
20211211 0
20211212 0
20211220 0
20211221 0
20211222 0
20212000 0
20212001 0
20212002 0
20212010 0
20212011 0
20212012 1
20212020 0
20212021 0
20212022 0
20212100 0
20212101 0
20212102 0
20212110 1
20212111 0
20212112 0
20212120 0
20212121 0
20212122 0
20212200 0
20212201 0
20212202 0
20212210 0
20212211 0
20212212 0
20212220 0
20212221 0
20212222 0
20220000 0
20220001 0
20220002 0
20220010 0
20220011 0
20220012 0
20220020 0
20220021 0
20220022 0
20220100 0
20220101 0
20220102 0
20220110 0
20220111 0
20220112 0
20220120 1
20220121 0
20220122 0
20220200 0
20220201 0
20220202 0
20220210 0
20220211 0
20220212 0
20220220 0
20220221 0
20220222 0
20221000 0
20221001 0
20221002 0
20221010 0
20221011 0
20221012 0
20221020 0
20221021 0
20221022 0
20221100 0
20221101 0
20221102 0
20221110 0
20221111 0
20221112 0
20221120 0
20221121 0
20221122 0
20221200 0
20221201 0
20221202 0
20221210 0
20221211 0
20221212 0
20221220 0
20221221 0
20221222 0
20222000 0
20222001 0
20222002 0
20222010 0
20222011 0
20222012 0
20222020 0
20222021 0
20222022 0
20222100 0
20222101 0
20222102 0
20222110 0
20222111 0
20222112 0
20222120 0
20222121 0
20222122 0
20222200 0
20222201 0
20222202 0
20222210 0
20222211 0
20222212 0
20222220 0
20222221 0
20222222 0
21000000 0
21000001 0
21000002 0
21000010 1
21000011 0
21000012 0
21000020 0
21000021 1
21000022 1
21000100 3 AFFLIGEES
21000101 0
21000102 1
21000110 2
21000111 0
21000112 0
21000120 2
21000121 1
21000122 1
21000200 0
21000201 0
21000202 0
21000210 0
21000211 0
21000212 0
21000220 0
21000221 0
21000222 0
21001000 0
21001001 0
21001002 0
21001010 2
21001011 0
21001012 0
21001020 0
21001021 0
21001022 0
21001100 2
21001101 0
21001102 1
21001110 0
21001111 0
21001112 1
21001120 3 ABSORPTIF
21001121 0
21001122 0
21001200 0
21001201 0
21001202 1
21001210 0
21001211 0
21001212 0
21001220 0
21001221 0
21001222 0
21002000 0
21002001 0
21002002 0
21002010 0
21002011 0
21002012 0
21002020 0
21002021 0
21002022 0
21002100 0
21002101 0
21002102 0
21002110 0
21002111 0
21002112 0
21002120 1
21002121 0
21002122 0
21002200 0
21002201 0
21002202 0
21002210 0
21002211 0
21002212 0
21002220 0
21002221 0
21002222 0
21010000 0
21010001 0
21010002 0
21010010 0
21010011 0
21010012 0
21010020 0
21010021 1
21010022 0
21010100 0
21010101 0
21010102 0
21010110 0
21010111 0
21010112 0
21010120 1
21010121 0
21010122 0
21010200 0
21010201 0
21010202 0
21010210 0
21010211 0
21010212 0
21010220 0
21010221 0
21010222 0
21011000 0
21011001 0
21011002 1
21011010 1
21011011 0
21011012 1
21011020 0
21011021 1
21011022 0
21011100 0
21011101 0
21011102 0
21011110 2
21011111 0
21011112 1
21011120 0
21011121 0
21011122 0
21011200 0
21011201 0
21011202 0
21011210 0
21011211 0
21011212 0
21011220 0
21011221 0
21011222 0
21012000 2
21012001 0
21012002 0
21012010 1
21012011 0
21012012 0
21012020 0
21012021 0
21012022 0
21012100 0
21012101 0
21012102 0
21012110 0
21012111 0
21012112 0
21012120 0
21012121 0
21012122 0
21012200 0
21012201 0
21012202 0
21012210 0
21012211 0
21012212 0
21012220 0
21012221 0
21012222 0
21020000 0
21020001 0
21020002 0
21020010 1
21020011 0
21020012 0
21020020 0
21020021 0
21020022 0
21020100 0
21020101 0
21020102 0
21020110 0
21020111 0
21020112 0
21020120 2
21020121 0
21020122 0
21020200 0
21020201 0
21020202 0
21020210 0
21020211 0
21020212 0
21020220 0
21020221 0
21020222 0
21021000 0
21021001 0
21021002 0
21021010 0
21021011 0
21021012 0
21021020 0
21021021 0
21021022 0
21021100 0
21021101 0
21021102 0
21021110 0
21021111 0
21021112 0
21021120 0
21021121 0
21021122 0
21021200 0
21021201 0
21021202 0
21021210 0
21021211 0
21021212 0
21021220 0
21021221 0
21021222 0
21022000 0
21022001 0
21022002 0
21022010 0
21022011 0
21022012 0
21022020 0
21022021 0
21022022 0
21022100 0
21022101 0
21022102 0
21022110 0
21022111 0
21022112 0
21022120 0
21022121 0
21022122 0
21022200 0
21022201 0
21022202 0
21022210 0
21022211 0
21022212 0
21022220 0
21022221 0
21022222 0
21100000 0
21100001 0
21100002 0
21100010 0
21100011 0
21100012 0
21100020 0
21100021 0
21100022 0
21100100 0
21100101 0
21100102 0
21100110 0
21100111 0
21100112 0
21100120 0
21100121 0
21100122 0
21100200 0
21100201 0
21100202 0
21100210 0
21100211 0
21100212 0
21100220 0
21100221 0
21100222 0
21101000 0
21101001 0
21101002 0
21101010 0
21101011 0
21101012 0
21101020 0
21101021 0
21101022 0
21101100 0
21101101 0
21101102 0
21101110 0
21101111 0
21101112 0
21101120 0
21101121 0
21101122 0
21101200 0
21101201 0
21101202 0
21101210 0
21101211 0
21101212 0
21101220 0
21101221 0
21101222 0
21102000 0
21102001 0
21102002 0
21102010 0
21102011 0
21102012 0
21102020 0
21102021 0
21102022 0
21102100 1
21102101 0
21102102 0
21102110 0
21102111 0
21102112 0
21102120 0
21102121 0
21102122 0
21102200 0
21102201 0
21102202 0
21102210 0
21102211 0
21102212 0
21102220 0
21102221 0
21102222 0
21110000 0
21110001 0
21110002 0
21110010 1
21110011 1
21110012 0
21110020 0
21110021 0
21110022 0
21110100 0
21110101 0
21110102 0
21110110 0
21110111 0
21110112 0
21110120 0
21110121 0
21110122 0
21110200 0
21110201 0
21110202 0
21110210 0
21110211 0
21110212 0
21110220 0
21110221 0
21110222 0
21111000 1
21111001 0
21111002 1
21111010 1
21111011 0
21111012 0
21111020 0
21111021 0
21111022 0
21111100 0
21111101 0
21111102 0
21111110 0
21111111 0
21111112 0
21111120 0
21111121 0
21111122 0
21111200 0
21111201 0
21111202 0
21111210 0
21111211 0
21111212 0
21111220 0
21111221 0
21111222 0
21112000 0
21112001 0
21112002 0
21112010 0
21112011 0
21112012 0
21112020 0
21112021 0
21112022 0
21112100 0
21112101 0
21112102 0
21112110 0
21112111 0
21112112 0
21112120 0
21112121 0
21112122 0
21112200 0
21112201 0
21112202 0
21112210 0
21112211 0
21112212 0
21112220 0
21112221 0
21112222 0
21120000 0
21120001 0
21120002 0
21120010 0
21120011 0
21120012 0
21120020 0
21120021 0
21120022 0
21120100 0
21120101 0
21120102 0
21120110 0
21120111 0
21120112 0
21120120 0
21120121 0
21120122 0
21120200 0
21120201 0
21120202 0
21120210 0
21120211 0
21120212 0
21120220 0
21120221 0
21120222 0
21121000 0
21121001 0
21121002 0
21121010 0
21121011 0
21121012 0
21121020 0
21121021 0
21121022 0
21121100 0
21121101 0
21121102 0
21121110 0
21121111 0
21121112 0
21121120 0
21121121 0
21121122 0
21121200 0
21121201 0
21121202 0
21121210 0
21121211 0
21121212 0
21121220 0
21121221 0
21121222 0
21122000 0
21122001 0
21122002 0
21122010 0
21122011 0
21122012 0
21122020 0
21122021 0
21122022 0
21122100 0
21122101 0
21122102 0
21122110 0
21122111 0
21122112 0
21122120 0
21122121 0
21122122 0
21122200 0
21122201 0
21122202 0
21122210 0
21122211 0
21122212 0
21122220 0
21122221 0
21122222 0
21200000 0
21200001 0
21200002 0
21200010 0
21200011 0
21200012 0
21200020 0
21200021 0
21200022 0
21200100 0
21200101 0
21200102 0
21200110 0
21200111 0
21200112 0
21200120 0
21200121 0
21200122 0
21200200 0
21200201 0
21200202 0
21200210 0
21200211 0
21200212 0
21200220 0
21200221 0
21200222 0
21201000 0
21201001 0
21201002 0
21201010 0
21201011 0
21201012 0
21201020 0
21201021 0
21201022 0
21201100 0
21201101 0
21201102 0
21201110 0
21201111 0
21201112 0
21201120 0
21201121 0
21201122 0
21201200 0
21201201 0
21201202 0
21201210 0
21201211 0
21201212 0
21201220 0
21201221 0
21201222 0
21202000 0
21202001 0
21202002 0
21202010 0
21202011 0
21202012 0
21202020 0
21202021 0
21202022 0
21202100 0
21202101 0
21202102 0
21202110 0
21202111 0
21202112 0
21202120 0
21202121 0
21202122 0
21202200 0
21202201 0
21202202 0
21202210 0
21202211 0
21202212 0
21202220 0
21202221 0
21202222 0
21210000 0
21210001 0
21210002 0
21210010 0
21210011 0
21210012 0
21210020 0
21210021 0
21210022 0
21210100 0
21210101 0
21210102 0
21210110 0
21210111 0
21210112 0
21210120 0
21210121 0
21210122 0
21210200 0
21210201 0
21210202 0
21210210 0
21210211 0
21210212 0
21210220 0
21210221 0
21210222 0
21211000 0
21211001 0
21211002 0
21211010 0
21211011 0
21211012 0
21211020 0
21211021 0
21211022 0
21211100 0
21211101 0
21211102 0
21211110 0
21211111 0
21211112 0
21211120 0
21211121 0
21211122 0
21211200 0
21211201 0
21211202 0
21211210 0
21211211 0
21211212 0
21211220 0
21211221 0
21211222 0
21212000 0
21212001 0
21212002 0
21212010 0
21212011 0
21212012 0
21212020 0
21212021 0
21212022 0
21212100 0
21212101 0
21212102 0
21212110 0
21212111 0
21212112 0
21212120 0
21212121 0
21212122 0
21212200 0
21212201 0
21212202 0
21212210 0
21212211 0
21212212 0
21212220 0
21212221 0
21212222 0
21220000 0
21220001 0
21220002 0
21220010 0
21220011 0
21220012 0
21220020 0
21220021 0
21220022 0
21220100 0
21220101 0
21220102 0
21220110 0
21220111 0
21220112 0
21220120 0
21220121 0
21220122 0
21220200 0
21220201 0
21220202 0
21220210 0
21220211 0
21220212 0
21220220 0
21220221 0
21220222 0
21221000 0
21221001 0
21221002 0
21221010 0
21221011 0
21221012 0
21221020 0
21221021 0
21221022 0
21221100 0
21221101 0
21221102 0
21221110 0
21221111 0
21221112 0
21221120 0
21221121 0
21221122 0
21221200 0
21221201 0
21221202 0
21221210 0
21221211 0
21221212 0
21221220 0
21221221 0
21221222 0
21222000 0
21222001 0
21222002 0
21222010 0
21222011 0
21222012 0
21222020 0
21222021 0
21222022 0
21222100 0
21222101 0
21222102 0
21222110 0
21222111 0
21222112 0
21222120 0
21222121 0
21222122 0
21222200 0
21222201 0
21222202 0
21222210 0
21222211 0
21222212 0
21222220 0
21222221 0
21222222 0
22000000 0
22000001 0
22000002 0
22000010 0
22000011 0
22000012 0
22000020 0
22000021 0
22000022 0
22000100 0
22000101 0
22000102 0
22000110 0
22000111 0
22000112 0
22000120 0
22000121 0
22000122 0
22000200 0
22000201 0
22000202 0
22000210 0
22000211 0
22000212 0
22000220 0
22000221 0
22000222 0
22001000 0
22001001 0
22001002 0
22001010 0
22001011 0
22001012 0
22001020 0
22001021 0
22001022 0
22001100 0
22001101 0
22001102 0
22001110 0
22001111 0
22001112 0
22001120 0
22001121 0
22001122 0
22001200 0
22001201 0
22001202 0
22001210 0
22001211 0
22001212 0
22001220 0
22001221 0
22001222 0
22002000 0
22002001 0
22002002 0
22002010 0
22002011 0
22002012 0
22002020 0
22002021 0
22002022 0
22002100 0
22002101 0
22002102 0
22002110 0
22002111 0
22002112 0
22002120 1
22002121 0
22002122 0
22002200 0
22002201 0
22002202 0
22002210 0
22002211 0
22002212 0
22002220 0
22002221 0
22002222 0
22010000 0
22010001 0
22010002 0
22010010 0
22010011 1
22010012 0
22010020 0
22010021 0
22010022 0
22010100 0
22010101 0
22010102 0
22010110 0
22010111 0
22010112 0
22010120 1
22010121 0
22010122 0
22010200 0
22010201 0
22010202 0
22010210 0
22010211 0
22010212 0
22010220 0
22010221 0
22010222 0
22011000 0
22011001 0
22011002 0
22011010 0
22011011 0
22011012 0
22011020 0
22011021 0
22011022 0
22011100 0
22011101 0
22011102 0
22011110 0
22011111 0
22011112 0
22011120 0
22011121 0
22011122 0
22011200 0
22011201 0
22011202 0
22011210 0
22011211 0
22011212 0
22011220 0
22011221 0
22011222 0
22012000 0
22012001 0
22012002 0
22012010 0
22012011 0
22012012 0
22012020 0
22012021 0
22012022 0
22012100 0
22012101 0
22012102 0
22012110 0
22012111 0
22012112 0
22012120 0
22012121 0
22012122 0
22012200 0
22012201 0
22012202 0
22012210 0
22012211 0
22012212 0
22012220 0
22012221 0
22012222 0
22020000 0
22020001 0
22020002 0
22020010 0
22020011 0
22020012 0
22020020 0
22020021 0
22020022 0
22020100 0
22020101 0
22020102 0
22020110 0
22020111 0
22020112 0
22020120 0
22020121 0
22020122 0
22020200 0
22020201 0
22020202 0
22020210 0
22020211 0
22020212 0
22020220 0
22020221 0
22020222 0
22021000 0
22021001 0
22021002 0
22021010 0
22021011 0
22021012 0
22021020 0
22021021 0
22021022 0
22021100 0
22021101 0
22021102 0
22021110 0
22021111 0
22021112 0
22021120 1
22021121 0
22021122 0
22021200 0
22021201 0
22021202 0
22021210 0
22021211 0
22021212 0
22021220 0
22021221 0
22021222 0
22022000 0
22022001 0
22022002 0
22022010 0
22022011 0
22022012 0
22022020 0
22022021 0
22022022 0
22022100 0
22022101 0
22022102 0
22022110 0
22022111 0
22022112 0
22022120 0
22022121 0
22022122 0
22022200 0
22022201 0
22022202 0
22022210 0
22022211 0
22022212 0
22022220 0
22022221 0
22022222 0
22100000 0
22100001 0
22100002 0
22100010 0
22100011 0
22100012 0
22100020 0
22100021 0
22100022 0
22100100 0
22100101 0
22100102 0
22100110 0
22100111 0
22100112 0
22100120 0
22100121 0
22100122 0
22100200 0
22100201 0
22100202 0
22100210 0
22100211 0
22100212 0
22100220 0
22100221 0
22100222 0
22101000 0
22101001 0
22101002 0
22101010 0
22101011 0
22101012 0
22101020 0
22101021 0
22101022 0
22101100 0
22101101 0
22101102 0
22101110 0
22101111 0
22101112 0
22101120 0
22101121 0
22101122 0
22101200 0
22101201 0
22101202 0
22101210 0
22101211 0
22101212 0
22101220 0
22101221 0
22101222 0
22102000 0
22102001 0
22102002 0
22102010 0
22102011 0
22102012 0
22102020 0
22102021 0
22102022 0
22102100 0
22102101 0
22102102 0
22102110 0
22102111 0
22102112 0
22102120 0
22102121 0
22102122 0
22102200 0
22102201 0
22102202 0
22102210 0
22102211 0
22102212 0
22102220 0
22102221 0
22102222 0
22110000 1
22110001 0
22110002 0
22110010 0
22110011 0
22110012 0
22110020 0
22110021 0
22110022 0
22110100 0
22110101 0
22110102 0
22110110 0
22110111 0
22110112 0
22110120 0
22110121 0
22110122 0
22110200 0
22110201 0
22110202 0
22110210 0
22110211 0
22110212 0
22110220 0
22110221 0
22110222 0
22111000 0
22111001 0
22111002 0
22111010 0
22111011 0
22111012 0
22111020 0
22111021 0
22111022 0
22111100 0
22111101 0
22111102 0
22111110 1
22111111 0
22111112 0
22111120 0
22111121 0
22111122 0
22111200 0
22111201 0
22111202 0
22111210 0
22111211 0
22111212 0
22111220 0
22111221 0
22111222 0
22112000 0
22112001 0
22112002 0
22112010 0
22112011 0
22112012 0
22112020 0
22112021 0
22112022 0
22112100 0
22112101 0
22112102 0
22112110 0
22112111 0
22112112 0
22112120 0
22112121 0
22112122 0
22112200 0
22112201 0
22112202 0
22112210 0
22112211 0
22112212 0
22112220 0
22112221 0
22112222 0
22120000 0
22120001 0
22120002 0
22120010 0
22120011 0
22120012 0
22120020 0
22120021 0
22120022 0
22120100 0
22120101 0
22120102 0
22120110 0
22120111 0
22120112 0
22120120 0
22120121 0
22120122 0
22120200 0
22120201 0
22120202 0
22120210 0
22120211 0
22120212 0
22120220 0
22120221 0
22120222 0
22121000 0
22121001 0
22121002 0
22121010 0
22121011 0
22121012 0
22121020 0
22121021 0
22121022 0
22121100 0
22121101 0
22121102 0
22121110 0
22121111 0
22121112 0
22121120 0
22121121 0
22121122 0
22121200 0
22121201 0
22121202 0
22121210 0
22121211 0
22121212 0
22121220 0
22121221 0
22121222 0
22122000 0
22122001 0
22122002 0
22122010 0
22122011 0
22122012 0
22122020 0
22122021 0
22122022 0
22122100 0
22122101 0
22122102 0
22122110 0
22122111 0
22122112 0
22122120 0
22122121 0
22122122 0
22122200 0
22122201 0
22122202 0
22122210 0
22122211 0
22122212 0
22122220 0
22122221 0
22122222 0
22200000 2
22200001 0
22200002 5 ASSIMILAI
22200010 1
22200011 0
22200012 1
22200020 0
22200021 0
22200022 0
22200100 4 ASSIMILAI
22200101 0
22200102 0
22200110 0
22200111 0
22200112 0
22200120 6 ASSOMMONS
22200121 1
22200122 0
22200200 1
22200201 0
22200202 0
22200210 1
22200211 0
22200212 0
22200220 1
22200221 0
22200222 0
22201000 1
22201001 0
22201002 6 ANTIDOTES
22201010 0
22201011 0
22201012 2
22201020 0
22201021 0
22201022 0
22201100 3 ASSIMILAI
22201101 0
22201102 0
22201110 0
22201111 0
22201112 0
22201120 3 ARCHIVAIS
22201121 0
22201122 1
22201200 0
22201201 0
22201202 0
22201210 0
22201211 0
22201212 0
22201220 0
22201221 0
22201222 0
22202000 0
22202001 0
22202002 0
22202010 0
22202011 0
22202012 0
22202020 0
22202021 0
22202022 0
22202100 0
22202101 0
22202102 0
22202110 0
22202111 0
22202112 0
22202120 0
22202121 0
22202122 0
22202200 0
22202201 0
22202202 0
22202210 0
22202211 0
22202212 0
22202220 0
22202221 0
22202222 0
22210000 0
22210001 0
22210002 2
22210010 0
22210011 0
22210012 1
22210020 0
22210021 0
22210022 1
22210100 1
22210101 0
22210102 0
22210110 0
22210111 0
22210112 0
22210120 0
22210121 1
22210122 0
22210200 0
22210201 0
22210202 0
22210210 0
22210211 0
22210212 0
22210220 0
22210221 0
22210222 0
22211000 0
22211001 0
22211002 0
22211010 0
22211011 0
22211012 0
22211020 0
22211021 0
22211022 0
22211100 0
22211101 0
22211102 0
22211110 0
22211111 0
22211112 0
22211120 1
22211121 0
22211122 0
22211200 0
22211201 0
22211202 0
22211210 0
22211211 0
22211212 0
22211220 0
22211221 0
22211222 0
22212000 0
22212001 0
22212002 0
22212010 0
22212011 0
22212012 0
22212020 0
22212021 0
22212022 0
22212100 0
22212101 0
22212102 0
22212110 0
22212111 0
22212112 0
22212120 1
22212121 0
22212122 0
22212200 0
22212201 0
22212202 0
22212210 0
22212211 0
22212212 0
22212220 0
22212221 0
22212222 0
22220000 0
22220001 0
22220002 1
22220010 0
22220011 0
22220012 0
22220020 0
22220021 0
22220022 0
22220100 0
22220101 0
22220102 0
22220110 0
22220111 0
22220112 0
22220120 0
22220121 0
22220122 0
22220200 0
22220201 0
22220202 0
22220210 0
22220211 0
22220212 0
22220220 0
22220221 0
22220222 0
22221000 1
22221001 0
22221002 0
22221010 0
22221011 0
22221012 0
22221020 0
22221021 0
22221022 0
22221100 1
22221101 0
22221102 0
22221110 0
22221111 0
22221112 0
22221120 0
22221121 0
22221122 0
22221200 0
22221201 0
22221202 0
22221210 0
22221211 0
22221212 0
22221220 0
22221221 0
22221222 0
22222000 0
22222001 0
22222002 0
22222010 0
22222011 0
22222012 0
22222020 0
22222021 0
22222022 0
22222100 0
22222101 0
22222102 0
22222110 0
22222111 0
22222112 0
22222120 1
22222121 0
22222122 0
22222200 3 ATTOUCHAS
22222201 0
22222202 0
22222210 0
22222211 0
22222212 0
22222220 3 ALTERERAS
22222221 0
22222222 1