00000 11 BRULON
00001 1
00002 20 BOLOSS
00010 38 BOUGRE
00011 8 BORDEE
00012 9 BRULON
00020 73 BORGNE
00021 5 BARDEE
00022 52 BRULON
00100 17 BRULON
00101 1
00102 17 BINDIS
00110 31 BERLUE
00111 3 BISEES
00112 6 BRUNIE
00120 24 BRELEZ
00121 9 BRONZE
00122 28 BRULON
00200 2
00201 0
00202 3 BONSAI
00210 10 BUVONS
00211 0
00212 1
00220 11 BENZOL
00221 2
00222 7 BONDER
01000 4 BARDAT
01001 2
01002 3 BRUNES
01010 14 BRELEE
01011 2
01012 6 BENTOS
01020 20 BRULEE
01021 0
01022 7 BRULON
01100 6 BONSAI
01101 1
01102 4 BOUGEA
01110 13 BIDULE
01111 2
01112 2
01120 5 BRIGUE
01121 0
01122 2
01200 0
01201 0
01202 1
01210 4 BINIOU
01211 0
01212 1
01220 0
01221 0
01222 0
02000 0
02001 0
02002 2
02010 7 BLOQUE
02011 0
02012 2
02020 7 BORGNE
02021 0
02022 4 BENTOS
02100 3 BRUNES
02101 0
02102 1
02110 4 BRAMAT
02111 0
02112 0
02120 3 BRUIRE
02121 0
02122 2
02200 0
02201 0
02202 1
02210 1
02211 1
02212 0
02220 2
02221 0
02222 0
10000 29 BOUCLA
10001 6 BONSAI
10002 28 BRULON
10010 31 BURELE
10011 5 BISERA
10012 11 BRELAN
10020 17 BLAZAR
10021 6 BALEZE
10022 9 BRANDY
10100 43 BRULON
10101 10 BOIRAI
10102 21 BIDUAL
10110 23 BILANA
10111 3 BONSAI
10112 1
10120 0
10121 0
10122 1
10200 7 BRUNES
10201 2
10202 1
10210 3 BRUNES
10211 2
10212 0
10220 0
10221 0
10222 1
11000 29 BRULON
11001 6 BRAMAT
11002 2
11010 19 BRUTAL
11011 3 BONSAI
11012 2
11020 0
11021 0
11022 1
11100 25 BILAIT
11101 7 BRISIS
11102 1
11110 2
11111 0
11112 0
11120 0
11121 0
11122 0
11200 1
11201 0
11202 0
11210 0
11211 0
11212 0
11220 0
11221 0
11222 0
12000 3 BONSAI
12001 0
12002 2
12010 2
12011 0
12012 0
12020 0
12021 0
12022 0
12100 10 BOUMAT
12101 0
12102 3 BOUCAU
12110 2
12111 0
12112 0
12120 0
12121 0
12122 0
12200 1
12201 0
12202 0
12210 0
12211 1
12212 0
12220 0
12221 0
12222 0
20000 28 BRULON
20001 3 BONSAI
20002 33 BRULON
20010 22 BURELE
20011 4 BLOQUE
20012 1
20020 45 BERGER
20021 0
20022 22 BEGUER
20100 23 BORNAI
20101 3 BONSAI
20102 12 BOYARD
20110 6 BEGALA
20111 1
20112 0
20120 0
20121 3 BARDEE
20122 2
20200 2
20201 1
20202 4 BRANDE
20210 3 BARDAT
20211 2
20212 0
20220 3 BAVARD
20221 1
20222 1
21000 25 BURLAT
21001 3 BARDAT
21002 4 BRULAI
21010 7 BARDEE
21011 1
21012 0
21020 8 BRUTAL
21021 4 BRISKA
21022 2
21100 7 BAVARD
21101 3 BONSAI
21102 0
21110 1
21111 0
21112 0
21120 0
21121 0
21122 0
21200 0
21201 0
21202 0
21210 0
21211 0
21212 0
21220 0
21221 0
21222 0
22000 3 BRIARD
22001 0
22002 3 BRUNES
22010 8 BERLUE
22011 0
22012 0
22020 2
22021 0
22022 2
22100 2
22101 0
22102 2
22110 0
22111 0
22112 0
22120 0
22121 0
22122 0
22200 1
22201 0
22202 1
22210 0
22211 0
22212 0
22220 2
22221 0
22222 1