000000 8 BARBONS
000001 3 BORIQUE
000002 27 BANLONS
000010 28 BOUCANA
000011 16 BESOGNE
000012 13 BANCALE
000020 16 BALADEZ
000021 5 BOBONNE
000022 47 BALANCA
000100 21 BANCHAT
000101 5 BARBONS
000102 10 BLUTANT
000110 39 BANCALE
000111 11 BOSSEES
000112 10 BANLONS
000120 6 BATISTE
000121 0
000122 9 BELAMES
000200 2
000201 2
000202 4 BARBONS
000210 7 BOUCANE
000211 0
000212 3 BERCAIL
000220 6 BLUTAGE
000221 4 BORIQUE
000222 17 BELOTAT
001000 20 BANDANA
001001 5 BAISSES
001002 42 BLASANT
001010 36 BILANAI
001011 14 BALADIN
001012 8 BECHONS
001020 25 BALANCE
001021 9 BOSSELE
001022 35 BARLONG
001100 37 BALTANT
001101 15 BASTONS
001102 13 BITONAL
001110 27 BOTTINE
001111 10 BASSINA
001112 5 BORNAGE
001120 8 BOOSTAT
001121 1
001122 4 BOUINAI
001200 5 BLUFFAI
001201 2
001202 3 BIPATES
001210 7 BERCAIT
001211 0
001212 1
001220 2
001221 0
001222 9 BIPLANS
002000 4 BOUILLI
002001 3 BAISSES
002002 16 BIMODAL
002010 7 BRICOLA
002011 2
002012 2
002020 3 BORIQUE
002021 4 BULLIEZ
002022 13 BIBANDE
002100 2
002101 2
002102 2
002110 3 BOOLEEN
002111 5 BURETTE
002112 1
002120 0
002121 1
002122 2
002200 0
002201 0
002202 0
002210 0
002211 0
002212 0
002220 0
002221 0
002222 4 BOUINAI
010000 6 BUSHIDO
010001 3 BAISSES
010002 17 BARLONG
010010 13 BARBULE
010011 7 BUBALES
010012 5 BEQUONS
010020 12 BORNAGE
010021 6 BOOLEEN
010022 22 BELOUGA
010100 15 BARLONG
010101 2
010102 3 BARBETS
010110 25 BEGONIA
010111 3 BASSINA
010112 6 BLAGUEE
010120 3 BENIREZ
010121 1
010122 7 BUTANOL
010200 1
010201 0
010202 1
010210 2
010211 0
010212 1
010220 3 BUSEREZ
010221 0
010222 5 BUSHMAN
011000 11 BLOQUAI
011001 5 BORNAGE
011002 11 BACLAGE
011010 14 BINOCLE
011011 5 BANYULS
011012 3 BEQUONS
011020 9 BELUGAS
011021 2
011022 4 BLESSES
011100 11 BIQUIEZ
011101 3 BEERAIT
011102 2
011110 5 BORNAGE
011111 1
011112 1
011120 3 BIGNOLE
011121 0
011122 2
011200 3 BROSSAI
011201 0
011202 2
011210 1
011211 0
011212 0
011220 2
011221 0
011222 1
012000 0
012001 0
012002 4 BOSSANT
012010 1
012011 2
012012 0
012020 0
012021 0
012022 0
012100 2
012101 0
012102 2
012110 0
012111 0
012112 0
012120 2
012121 0
012122 1
012200 0
012201 0
012202 0
012210 0
012211 0
012212 0
012220 0
012221 0
012222 0
020000 6 BASFOND
020001 0
020002 9 BLANCHE
020010 2
020011 2
020012 3 BARBETS
020020 10 BACILLE
020021 0
020022 9 BEGALEE
020100 13 BLUTANT
020101 0
020102 3 BOUILLI
020110 14 BIGNOLE
020111 0
020112 3 BLUFFAI
020120 1
020121 0
020122 2
020200 0
020201 0
020202 0
020210 2
020211 0
020212 0
020220 0
020221 0
020222 0
021000 7 BLUFFAI
021001 0
021002 7 BLASIEZ
021010 7 BUTANAL
021011 0
021012 0
021020 4 BLAUDES
021021 0
021022 1
021100 7 BLUTAGE
021101 0
021102 2
021110 2
021111 0
021112 0
021120 2
021121 0
021122 0
021200 0
021201 0
021202 0
021210 0
021211 0
021212 0
021220 0
021221 0
021222 0
022000 2
022001 0
022002 1
022010 1
022011 0
022012 0
022020 1
022021 0
022022 1
022100 1
022101 0
022102 0
022110 0
022111 0
022112 0
022120 0
022121 0
022122 0
022200 0
022201 0
022202 0
022210 0
022211 0
022212 0
022220 0
022221 0
022222 0
100000 14 BLOCAGE
100001 0
100002 16 BORNOYA
100010 44 BARDANE
100011 4 BASSINA
100012 18 BARDEES
100020 18 BALADEE
100021 3 BEERAIT
100022 11 BORDERA
100100 7 BARDERA
100101 1
100102 6 BRIARDE
100110 20 BARONNA
100111 1
100112 3 BARBETS
100120 3 BENIREZ
100121 0
100122 0
100200 2
100201 0
100202 0
100210 2
100211 0
100212 1
100220 8 BECARRE
100221 2
100222 3 BORNEES
101000 10 BORNAGE
101001 2
101002 20 BORDAIS
101010 35 BILABIE
101011 5 BAISSES
101012 13 BALADIN
101020 23 BARRONS
101021 2
101022 4 BUSEREZ
101100 13 BARRONS
101101 3 BLUFFAI
101102 3 BRUGNON
101110 10 BITCOIN
101111 0
101112 1
101120 3 BAISSEZ
101121 3 BUSEREZ
101122 1
101200 3 BOOLEEN
101201 0
101202 0
101210 2
101211 0
101212 0
101220 1
101221 1
101222 0
102000 4 BORIQUE
102001 0
102002 1
102010 3 BORIQUE
102011 0
102012 3 BREVETE
102020 6 BATEREZ
102021 2
102022 2
102100 2
102101 1
102102 1
102110 1
102111 0
102112 1
102120 1
102121 1
102122 0
102200 0
102201 0
102202 0
102210 1
102211 0
102212 0
102220 0
102221 0
102222 0
110000 7 BORNAGE
110001 0
110002 7 BASFOND
110010 37 BACLAGE
110011 1
110012 8 BORNERA
110020 7 BORNAGE
110021 3 BORIQUE
110022 4 BARBETS
110100 2
110101 0
110102 1
110110 5 BAJOUES
110111 0
110112 2
110120 1
110121 0
110122 0
110200 0
110201 0
110202 0
110210 1
110211 0
110212 0
110220 2
110221 0
110222 0
111000 2
111001 0
111002 0
111010 4 BULLERA
111011 4 BLATERE
111012 1
111020 1
111021 1
111022 0
111100 5 BISTROT
111101 0
111102 2
111110 3 BOUILLI
111111 1
111112 0
111120 4 BISEREZ
111121 1
111122 1
111200 0
111201 0
111202 0
111210 0
111211 0
111212 0
111220 1
111221 0
111222 0
112000 1
112001 0
112002 1
112010 1
112011 0
112012 0
112020 3 BERBERE
112021 0
112022 1
112100 1
112101 0
112102 0
112110 0
112111 0
112112 0
112120 1
112121 0
112122 0
112200 0
112201 0
112202 0
112210 0
112211 0
112212 0
112220 0
112221 0
112222 0
120000 3 BLAUDES
120001 0
120002 3 BRADAIS
120010 8 BIMODAL
120011 0
120012 2
120020 13 BELEREZ
120021 0
120022 7 BOBARDS
120100 3 BERBERE
120101 0
120102 0
120110 5 BLUTAGE
120111 0
120112 0
120120 0
120121 0
120122 1
120200 0
120201 0
120202 0
120210 0
120211 0
120212 0
120220 0
120221 0
120222 0
121000 7 BALADER
121001 0
121002 0
121010 1
121011 0
121012 0
121020 3 BLUFFAI
121021 1
121022 0
121100 2
121101 0
121102 0
121110 0
121111 0
121112 0
121120 0
121121 0
121122 0
121200 0
121201 0
121202 0
121210 0
121211 0
121212 0
121220 0
121221 0
121222 0
122000 0
122001 0
122002 0
122010 0
122011 0
122012 0
122020 1
122021 0
122022 0
122100 0
122101 0
122102 0
122110 0
122111 0
122112 0
122120 0
122121 0
122122 0
122200 0
122201 0
122202 0
122210 0
122211 0
122212 0
122220 0
122221 0
122222 0
200000 5 BANDEAU
200001 0
200002 14 BRANDYS
200010 14 BRADYPE
200011 3 BRUGNON
200012 5 BANDANT
200020 12 BLENDER
200021 6 BRIARDE
200022 16 BLASENT
200100 11 BRANDYS
200101 3 BASSINA
200102 1
200110 11 BRAVADE
200111 1
200112 2
200120 3 BUSEREZ
200121 0
200122 0
200200 0
200201 0
200202 0
200210 1
200211 0
200212 1
200220 4 BERBERE
200221 0
200222 2
201000 11 BAILLON
201001 3 BRUGNON
201002 18 BARMAID
201010 12 BRIMADE
201011 1
201012 2
201020 21 BEDEGAR
201021 3 BARBIER
201022 8 BEDEGAR
201100 13 BARMAID
201101 4 BRADAIS
201102 0
201110 5 BRIARDE
201111 1
201112 0
201120 0
201121 0
201122 0
201200 0
201201 1
201202 0
201210 1
201211 0
201212 0
201220 0
201221 0
201222 0
202000 2
202001 1
202002 2
202010 4 BORIQUE
202011 0
202012 0
202020 1
202021 3 BUSEREZ
202022 1
202100 0
202101 1
202102 0
202110 2
202111 0
202112 0
202120 0
202121 0
202122 0
202200 0
202201 0
202202 0
202210 0
202211 0
202212 0
202220 0
202221 0
202222 0
210000 1
210001 0
210002 2
210010 4 BRIARDE
210011 4 BROQUEZ
210012 0
210020 5 BATEREZ
210021 0
210022 2
210100 2
210101 0
210102 0
210110 0
210111 0
210112 1
210120 1
210121 0
210122 0
210200 1
210201 0
210202 1
210210 0
210211 0
210212 0
210220 3 BATEREZ
210221 0
210222 1
211000 5 BAGADOU
211001 0
211002 2
211010 2
211011 3 BORIQUE
211012 0
211020 6 BERGERE
211021 0
211022 2
211100 2
211101 0
211102 0
211110 0
211111 0
211112 0
211120 1
211121 0
211122 0
211200 1
211201 0
211202 0
211210 0
211211 0
211212 0
211220 0
211221 0
211222 0
212000 0
212001 0
212002 0
212010 0
212011 0
212012 0
212020 0
212021 0
212022 0
212100 0
212101 0
212102 0
212110 0
212111 0
212112 0
212120 0
212121 0
212122 0
212200 0
212201 0
212202 0
212210 0
212211 0
212212 0
212220 0
212221 0
212222 0
220000 4 BRUGNON
220001 1
220002 2
220010 9 BOMBERA
220011 1
220012 0
220020 0
220021 0
220022 2
220100 4 BALAYAT
220101 0
220102 2
220110 2
220111 0
220112 1
220120 0
220121 0
220122 0
220200 0
220201 0
220202 0
220210 0
220211 0
220212 0
220220 0
220221 0
220222 0
221000 3 BOUILLI
221001 1
221002 1
221010 1
221011 1
221012 0
221020 1
221021 0
221022 1
221100 2
221101 0
221102 0
221110 0
221111 0
221112 0
221120 0
221121 0
221122 0
221200 0
221201 0
221202 0
221210 0
221211 0
221212 0
221220 0
221221 0
221222 0
222000 1
222001 1
222002 1
222010 0
222011 1
222012 0
222020 3 BORNAGE
222021 0
222022 2
222100 1
222101 0
222102 0
222110 0
222111 0
222112 0
222120 0
222121 0
222122 0
222200 2
222201 0
222202 1
222210 0
222211 0
222212 0
222220 3 BERBERE
222221 0
222222 1