000000 5 COCOONE
000001 0
000002 11 CUPIDON
000010 42 CUEILLE
000011 15 COMMUAI
000012 8 COLBACK
000020 52 COMPILE
000021 13 COUPLEE
000022 66 COUPLEE
000100 6 CUPULES
000101 3 CUMULEZ
000102 11 COCUFIA
000110 53 COMPILE
000111 8 CRIEURS
000112 17 CHINURE
000120 67 CLOUIEZ
000121 23 CREPIER
000122 48 CHELOUE
000200 1
000201 0
000202 7 COUTOIE
000210 5 CHETIVE
000211 1
000212 3 CILLENT
000220 38 CORRELE
000221 0
000222 16 CHELOUE
001000 4 COCOONE
001001 5 CHASSEZ
001002 5 COMPTEE
001010 21 COUPOIR
001011 9 CODEUSE
001012 5 COPULAI
001020 18 COMPILE
001021 3 COMPTEE
001022 21 COCOTAI
001100 3 COMPTEE
001101 0
001102 2
001110 13 CREPURE
001111 3 COMPTEE
001112 6 COCREAI
001120 19 CROITRE
001121 4 COMPTEE
001122 7 COPULAI
001200 2
001201 0
001202 0
001210 3 COCOONE
001211 0
001212 0
001220 4 CILLENT
001221 0
001222 0
002000 0
002001 0
002002 3 COCOONE
002010 7 CHATOIE
002011 5 COPULAI
002012 1
002020 5 COUINAS
002021 0
002022 2
002100 0
002101 0
002102 0
002110 8 CROIENT
002111 0
002112 2
002120 4 CROIREZ
002121 0
002122 2
002200 0
002201 0
002202 0
002210 0
002211 0
002212 0
002220 0
002221 0
002222 2
010000 9 CLINFOC
010001 3 CASIMIR
010002 41 COUPLAI
010010 28 COMPILE
010011 4 CROCHUE
010012 8 CLONAIS
010020 15 COULIEZ
010021 0
010022 12 COUCHEE
010100 5 COPULAI
010101 1
010102 16 CORRIDA
010110 11 COREENS
010111 1
010112 9 CONVINS
010120 16 CROUNIR
010121 0
010122 5 CROCHUE
010200 0
010201 0
010202 0
010210 2
010211 0
010212 0
010220 0
010221 0
010222 0
011000 1
011001 0
011002 2
011010 33 COMPLUT
011011 7 CONSULS
011012 4 CRIERAI
011020 1
011021 0
011022 4 CARENER
011100 4 CRURAUX
011101 0
011102 2
011110 16 CROUPIT
011111 2
011112 1
011120 0
011121 0
011122 0
011200 0
011201 0
011202 0
011210 1
011211 0
011212 0
011220 0
011221 0
011222 0
012000 1
012001 0
012002 5 CHAOUIS
012010 7 COLLINE
012011 1
012012 0
012020 1
012021 0
012022 0
012100 1
012101 0
012102 1
012110 3 CRETACE
012111 0
012112 2
012120 0
012121 0
012122 0
012200 1
012201 1
012202 0
012210 0
012211 0
012212 0
012220 0
012221 0
012222 0
020000 1
020001 0
020002 11 COCUFIA
020010 24 COULOIR
020011 12 CELTIUM
020012 1
020020 7 COUVIEZ
020021 1
020022 10 COCUFIA
020100 0
020101 0
020102 1
020110 5 CHOUFEE
020111 2
020112 1
020120 3 CUVAGES
020121 1
020122 0
020200 0
020201 0
020202 1
020210 1
020211 0
020212 0
020220 5 CROIREZ
020221 0
020222 3 COPULAI
021000 6 CALODUC
021001 0
021002 1
021010 5 COCOONE
021011 1
021012 0
021020 1
021021 0
021022 1
021100 1
021101 1
021102 0
021110 2
021111 0
021112 0
021120 0
021121 0
021122 0
021200 0
021201 0
021202 0
021210 0
021211 0
021212 0
021220 1
021221 0
021222 0
022000 3 COUTONA
022001 0
022002 2
022010 5 COMPUTE
022011 1
022012 1
022020 2
022021 0
022022 2
022100 1
022101 0
022102 0
022110 1
022111 0
022112 0
022120 0
022121 0
022122 0
022200 2
022201 0
022202 0
022210 0
022211 0
022212 0
022220 9 CROIREZ
022221 0
022222 3 COMPTEE
100000 42 CHAULAI
100001 16 CLAPSAS
100002 76 COUPLAI
100010 44 COMPILE
100011 21 CHELOUE
100012 4 CILLENT
100020 23 CHOMIEZ
100021 9 CHIPOTE
100022 44 CHAUMEE
100100 41 COUPLAI
100101 11 COASSAI
100102 38 CROULAI
100110 75 COMPILA
100111 14 CORSAIS
100112 7 COPULAI
100120 34 CHAULER
100121 14 CHROMER
100122 18 CHAUMEE
100200 14 CHOUFAI
100201 0
100202 13 COURRAI
100210 19 CHELOUE
100211 0
100212 14 CORRIDA
100220 1
100221 0
100222 4 CILLENT
101000 83 COUPLAI
101001 16 CHOISIS
101002 17 COMPTAI
101010 20 CLEPHTE
101011 5 CILLENT
101012 3 CHASSEZ
101020 2
101021 0
101022 15 CUISTOT
101100 33 CLOUTAI
101101 12 COSSAIT
101102 5 CRADOTS
101110 19 CHOPAIT
101111 3 COCOONE
101112 2
101120 3 COMPTEE
101121 0
101122 7 CROULAI
101200 7 CHOLINE
101201 0
101202 1
101210 6 COCOTAI
101211 0
101212 2
101220 1
101221 0
101222 0
102000 13 CHUTAIT
102001 3 CREDULE
102002 7 CROIRAI
102010 8 COPULAI
102011 1
102012 1
102020 3 COMPTEE
102021 0
102022 2
102100 4 CILLENT
102101 1
102102 1
102110 11 COTIERE
102111 0
102112 1
102120 2
102121 0
102122 0
102200 3 CRIERAI
102201 0
102202 1
102210 0
102211 0
102212 0
102220 3 CAPEYEZ
102221 0
102222 1
110000 23 COACHAI
110001 6 CHAOUIS
110002 22 COPULAI
110010 21 COCUAGE
110011 1
110012 0
110020 6 CLEBIEZ
110021 0
110022 5 CINOCHE
110100 8 CHEDAIL
110101 0
110102 8 COANIMA
110110 22 CHELOUE
110111 0
110112 2
110120 5 CILLIEZ
110121 0
110122 1
110200 3 CLAMAIS
110201 0
110202 0
110210 0
110211 0
110212 0
110220 0
110221 0
110222 0
111000 45 CLOUAIT
111001 6 CONSULS
111002 4 COINCER
111010 12 CHAMPEE
111011 1
111012 1
111020 3 CHASSEZ
111021 0
111022 3 COMPTEE
111100 11 CLONAIS
111101 2
111102 3 CRADOTS
111110 12 CRAMAIS
111111 0
111112 0
111120 4 CROIREZ
111121 0
111122 1
111200 0
111201 0
111202 0
111210 0
111211 0
111212 0
111220 0
111221 0
111222 0
112000 7 CUISONS
112001 0
112002 2
112010 0
112011 0
112012 0
112020 0
112021 0
112022 0
112100 0
112101 0
112102 1
112110 2
112111 0
112112 0
112120 0
112121 0
112122 0
112200 0
112201 0
112202 0
112210 0
112211 0
112212 0
112220 0
112221 0
112222 0
120000 9 CLIVAIS
120001 4 COPULAI
120002 5 CONFIGS
120010 7 CROCHUE
120011 1
120012 1
120020 0
120021 0
120022 0
120100 4 CONFLUA
120101 0
120102 0
120110 2
120111 1
120112 0
120120 0
120121 0
120122 0
120200 1
120201 0
120202 2
120210 2
120211 0
120212 1
120220 1
120221 0
120222 0
121000 6 CONATIF
121001 1
121002 1
121010 0
121011 0
121012 0
121020 0
121021 0
121022 0
121100 0
121101 0
121102 0
121110 0
121111 0
121112 0
121120 0
121121 0
121122 0
121200 0
121201 0
121202 0
121210 1
121211 0
121212 0
121220 0
121221 0
121222 0
122000 3 COCOONE
122001 0
122002 1
122010 4 CESSANT
122011 0
122012 1
122020 0
122021 0
122022 0
122100 0
122101 0
122102 0
122110 2
122111 0
122112 0
122120 0
122121 0
122122 0
122200 4 CONVIAT
122201 0
122202 2
122210 3 COUINAT
122211 0
122212 1
122220 0
122221 0
122222 0
200000 18 CABALAI
200001 6 CESSANT
200002 22 CIBOULE
200010 26 CAECALE
200011 19 CAUSALE
200012 5 CALIFAT
200020 23 COLPITE
200021 4 CHASSEZ
200022 34 CAMELIA
200100 12 CULIONS
200101 1
200102 14 CURIALE
200110 42 CARBURA
200111 7 CURCUMA
200112 8 CALICHE
200120 23 CRIBLER
200121 2
200122 11 CABRERA
200200 4 CALIFAT
200201 0
200202 3 CALIFAT
200210 7 CLAMECE
200211 1
200212 4 CLAMSAS
200220 6 CUVELER
200221 1
200222 2
201000 32 CUBILOT
201001 3 CAQUENT
201002 11 CHIBOUK
201010 26 CULOTTA
201011 3 CANASSE
201012 5 CARACUL
201020 18 COUPLEE
201021 0
201022 17 CAPITAL
201100 8 CORDIER
201101 0
201102 1
201110 6 CARABIN
201111 1
201112 1
201120 8 CHABROL
201121 0
201122 0
201200 2
201201 0
201202 1
201210 0
201211 0
201212 0
201220 2
201221 0
201222 0
202000 5 CLIPSAT
202001 0
202002 5 CALIFAT
202010 3 CROTALE
202011 0
202012 1
202020 3 CALIFAT
202021 0
202022 4 CYCLOPE
202100 2
202101 1
202102 2
202110 9 COUPLEE
202111 0
202112 2
202120 2
202121 0
202122 1
202200 0
202201 3 CILLENT
202202 1
202210 0
202211 0
202212 0
202220 0
202221 3 CESSIEZ
202222 1
210000 9 CIPOLIN
210001 1
210002 20 CULMINA
210010 17 CULIONS
210011 3 CESSANT
210012 2
210020 6 CILLIEZ
210021 0
210022 3 CALIFAT
210100 5 CROIENT
210101 0
210102 13 CORDIAL
210110 13 CURLING
210111 0
210112 1
210120 8 CIREREZ
210121 0
210122 2
210200 0
210201 0
210202 0
210210 2
210211 2
210212 0
210220 0
210221 0
210222 0
211000 19 COUPLAI
211001 2
211002 2
211010 10 CLAPAGE
211011 2
211012 0
211020 3 CATCHEZ
211021 0
211022 1
211100 6 CORDIER
211101 0
211102 0
211110 7 CORDERA
211111 0
211112 1
211120 1
211121 0
211122 0
211200 0
211201 0
211202 0
211210 0
211211 0
211212 0
211220 0
211221 0
211222 0
212000 4 CALIFAT
212001 1
212002 4 CALIFAT
212010 3 CALIFAT
212011 1
212012 0
212020 0
212021 0
212022 0
212100 2
212101 0
212102 1
212110 1
212111 0
212112 0
212120 0
212121 0
212122 0
212200 0
212201 0
212202 0
212210 0
212211 0
212212 0
212220 0
212221 0
212222 0
220000 4 COTOIES
220001 0
220002 8 CLONAIS
220010 13 CANCANE
220011 2
220012 2
220020 4 CUMULEZ
220021 0
220022 11 CHAULAI
220100 2
220101 0
220102 0
220110 3 CUPIDES
220111 0
220112 1
220120 1
220121 0
220122 0
220200 1
220201 0
220202 3 CALIFAT
220210 2
220211 0
220212 1
220220 1
220221 0
220222 1
221000 5 COUINAS
221001 1
221002 1
221010 4 COMPTEE
221011 0
221012 0
221020 1
221021 0
221022 2
221100 0
221101 0
221102 0
221110 0
221111 0
221112 0
221120 1
221121 0
221122 0
221200 0
221201 0
221202 0
221210 0
221211 0
221212 0
221220 0
221221 0
221222 0
222000 1
222001 0
222002 2
222010 2
222011 0
222012 0
222020 0
222021 0
222022 0
222100 0
222101 0
222102 1
222110 0
222111 0
222112 1
222120 0
222121 0
222122 0
222200 0
222201 0
222202 0
222210 0
222211 0
222212 0
222220 0
222221 0
222222 1