00000 14 CONCUT
00001 3 CUSTOM
00002 28 CONCUT
00010 50 COTELE
00011 4 CHUSSE
00012 9 CETOLS
00020 49 CLOUTE
00021 10 COSSUE
00022 58 CONSUL
00100 15 CONFIT
00101 3 CUISIT
00102 14 CONCLU
00110 30 CLONIE
00111 4 CLISSE
00112 3 CEINTS
00120 14 COULPE
00121 1
00122 14 CULENT
00200 3 COPION
00201 1
00202 6 COLINS
00210 14 COMPTE
00211 4 COTISE
00212 1
00220 13 CLOUTE
00221 0
00222 5 CHAPON
01000 9 CONGRU
01001 0
01002 8 CONCUT
01010 47 COUTRE
01011 7 CRUSSE
01012 9 CONSUL
01020 50 COULPE
01021 4 COSSER
01022 14 CREENT
01100 8 CYPRIN
01101 0
01102 2
01110 22 CREUTE
01111 3 CRISSE
01112 2
01120 10 CULANT
01121 2
01122 4 CRAMEE
01200 0
01201 0
01202 1
01210 2
01211 1
01212 0
01220 6 COMPLU
01221 0
01222 1
02000 4 CHRONO
02001 0
02002 7 CORNUS
02010 10 CERULE
02011 1
02012 0
02020 13 CENTER
02021 4 CRETER
02022 9 CODENT
02100 3 CORBIN
02101 1
02102 2
02110 5 CIREUX
02111 0
02112 0
02120 0
02121 0
02122 3 CRISER
02200 2
02201 1
02202 0
02210 2
02211 1
02212 0
02220 3 CIRIER
02221 0
02222 1
10000 80 CLOUAT
10001 10 CLASHS
10002 38 COMPLU
10010 42 CLOUTE
10011 10 CHUSSE
10012 6 CLEANS
10020 10 CLAMPE
10021 0
10022 7 CLAMPA
10100 77 CLONAT
10101 5 COKSAI
10102 18 COLTAN
10110 11 CIGALE
10111 3 CISELA
10112 2
10120 0
10121 0
10122 0
10200 6 COPIAT
10201 1
10202 1
10210 1
10211 1
10212 0
10220 0
10221 0
10222 1
11000 37 CHOURA
11001 5 CRASSA
11002 10 CHALON
11010 34 CREENT
11011 4 CRASSE
11012 6 CUVANT
11020 11 CREMER
11021 0
11022 6 CONDOM
11100 17 CRURAL
11101 4 CAPTAI
11102 3 CUIRAS
11110 10 CIMENT
11111 0
11112 1
11120 0
11121 0
11122 0
11200 5 CRAINT
11201 1
11202 3 CLAIRS
11210 2
11211 0
11212 0
11220 0
11221 0
11222 1
12000 10 CONCUT
12001 1
12002 4 CONARD
12010 7 CENTRA
12011 0
12012 2
12020 0
12021 0
12022 0
12100 6 CIRANT
12101 1
12102 2
12110 3 CIRERA
12111 0
12112 0
12120 0
12121 0
12122 0
12200 1
12201 0
12202 0
12210 0
12211 0
12212 0
12220 0
12221 0
12222 0
20000 44 COLTAN
20001 7 CAUSAT
20002 43 CONCUT
20010 44 CULENT
20011 5 CAMUSE
20012 5 CLAVAT
20020 25 CELENT
20021 6 CAUSEZ
20022 20 CULENT
20100 23 CALMAT
20101 3 CAUSAI
20102 8 CULANT
20110 7 CUMULE
20111 1
20112 0
20120 0
20121 0
20122 0
20200 8 CUBANT
20201 1
20202 4 CALFAT
20210 9 CONCLU
20211 0
20212 0
20220 4 COMMUN
20221 1
20222 1
21000 11 CADRAN
21001 3 CASTRA
21002 3 CABRAS
21010 10 CUVENT
21011 2
21012 0
21020 20 CULENT
21021 3 CASHER
21022 4 CUPIDE
21100 6 CADRAI
21101 0
21102 3 CAURIS
21110 0
21111 0
21112 0
21120 0
21121 0
21122 0
21200 2
21201 0
21202 0
21210 0
21211 0
21212 0
21220 2
21221 1
21222 0
22000 11 CADRAN
22001 0
22002 8 CADOTA
22010 6 CAMANT
22011 0
22012 1
22020 18 CRETER
22021 0
22022 6 CAPRIN
22100 7 CHARMA
22101 0
22102 1
22110 0
22111 0
22112 0
22120 0
22121 0
22122 0
22200 2
22201 0
22202 1
22210 1
22211 0
22212 0
22220 3 CREVER
22221 0
22222 1