00000000 4 COMMEMORA
00000001 0
00000002 7 CHAUMERAI
00000010 0
00000011 0
00000012 0
00000020 6 CONCEVREZ
00000021 0
00000022 35 CAUCHEMAR
00000100 9 CARDINAUX
00000101 15 CHAUMERAI
00000102 21 CHAUMASSE
00000110 5 COUVERENT
00000111 14 CHAUSSEUR
00000112 6 CHAUMATES
00000120 15 CHAUMATES
00000121 9 CHERRASSE
00000122 22 CRAMPSAIS
00000200 10 CACARDERA
00000201 5 CARDINAUX
00000202 0
00000210 4 COMMEMORA
00000211 3 CANONIALE
00000212 0
00000220 0
00000221 0
00000222 9 CHAUSSERA
00001000 0
00001001 0
00001002 4 CLAMECEES
00001010 0
00001011 0
00001012 0
00001020 4 CADRERENT
00001021 0
00001022 10 CARGUASSE
00001100 5 CHARTREUX
00001101 2
00001102 4 CAILLETAT
00001110 0
00001111 6 CRAVACHAI
00001112 2
00001120 5 CAVALERAI
00001121 0
00001122 12 CARGAISON
00001200 3 CHAHUTENT
00001201 0
00001202 0
00001210 3 CRENERAIT
00001211 1
00001212 2
00001220 0
00001221 0
00001222 4 CAVALERAI
00002000 0
00002001 0
00002002 0
00002010 0
00002011 0
00002012 0
00002020 0
00002021 0
00002022 0
00002100 0
00002101 0
00002102 0
00002110 0
00002111 0
00002112 0
00002120 0
00002121 0
00002122 4 CONCEVRAS
00002200 1
00002201 0
00002202 0
00002210 1
00002211 1
00002212 0
00002220 0
00002221 0
00002222 1
00010000 6 CHAUMATES
00010001 2
00010002 17 CAMBRASSE
00010010 0
00010011 0
00010012 0
00010020 15 CARNIFIER
00010021 15 CUIVRAMES
00010022 14 CREUSAMES
00010100 17 CHALUMEAU
00010101 19 CRASSEUSE
00010102 29 CARROSSAS
00010110 8 CAFARDEUR
00010111 6 CRENERAIT
00010112 5 CLAMPASSE
00010120 24 CHARMEURS
00010121 13 CEDASSIEZ
00010122 17 CAMPHRIER
00010200 3 CUISINENT
00010201 1
00010202 4 CRASSEUSE
00010210 6 CHAUMATES
00010211 2
00010212 4 CHAUMATES
00010220 0
00010221 0
00010222 2
00011000 7 CRENERAIT
00011001 0
00011002 9 CARENAGES
00011010 0
00011011 0
00011012 0
00011020 9 CRENERIEZ
00011021 2
00011022 13 CHAUMATES
00011100 9 CATALOGUE
00011101 5 CHAUMATES
00011102 15 CAGUERAIS
00011110 7 CAROTTAGE
00011111 4 CRENERAIT
00011112 2
00011120 16 CARGUEREZ
00011121 1
00011122 4 CHAUMATES
00011200 1
00011201 0
00011202 5 CRASSIERS
00011210 3 CHARTREUX
00011211 1
00011212 4 CARDINAUX
00011220 0
00011221 0
00011222 0
00012000 0
00012001 0
00012002 4 CARDINAUX
00012010 0
00012011 0
00012012 0
00012020 6 CONCEVRAS
00012021 0
00012022 0
00012100 0
00012101 0
00012102 2
00012110 0
00012111 0
00012112 0
00012120 2
00012121 2
00012122 1
00012200 2
00012201 0
00012202 0
00012210 1
00012211 0
00012212 0
00012220 0
00012221 0
00012222 1
00020000 2
00020001 0
00020002 3 CLAMECEES
00020010 0
00020011 0
00020012 0
00020020 3 CRENERAIT
00020021 0
00020022 12 CLAMPASSE
00020100 4 CARDINAUX
00020101 1
00020102 4 CRENERAIT
00020110 0
00020111 1
00020112 0
00020120 3 CRENERAIT
00020121 7 CHERCHIEZ
00020122 11 CROUPIRAI
00020200 1
00020201 0
00020202 0
00020210 3 COUILLEES
00020211 1
00020212 0
00020220 0
00020221 0
00020222 2
00021000 1
00021001 0
00021002 4 CADRERENT
00021010 0
00021011 0
00021012 0
00021020 4 CHANCELEZ
00021021 1
00021022 5 CARDIOIDE
00021100 0
00021101 0
00021102 0
00021110 2
00021111 0
00021112 0
00021120 2
00021121 0
00021122 2
00021200 0
00021201 0
00021202 0
00021210 0
00021211 0
00021212 0
00021220 0
00021221 0
00021222 0
00022000 1
00022001 0
00022002 2
00022010 0
00022011 0
00022012 0
00022020 1
00022021 2
00022022 0
00022100 2
00022101 0
00022102 1
00022110 0
00022111 0
00022112 0
00022120 1
00022121 0
00022122 0
00022200 1
00022201 1
00022202 0
00022210 2
00022211 0
00022212 0
00022220 0
00022221 0
00022222 5 CARDINAUX
00100000 8 CHAUMATES
00100001 1
00100002 6 CRASSEUSE
00100010 0
00100011 0
00100012 0
00100020 8 CHANCELEZ
00100021 2
00100022 25 CHAUMAGES
00100100 7 CAVALERAI
00100101 4 CRENERAIT
00100102 7 CHAUMATES
00100110 11 CHAUMATES
00100111 4 CALENDULA
00100112 5 CROUPIRAI
00100120 15 CHAUMEREZ
00100121 5 CARDIOIDE
00100122 24 CHAUMATES
00100200 5 CARDINAUX
00100201 0
00100202 2
00100210 7 CURATRICE
00100211 1
00100212 1
00100220 0
00100221 0
00100222 5 CHAUMATES
00101000 13 CARNITINE
00101001 3 CLAMECEES
00101002 5 CRAMSAMES
00101010 0
00101011 0
00101012 0
00101020 0
00101021 0
00101022 7 CHAUMATES
00101100 12 CHOURAVAT
00101101 5 CRENERAIT
00101102 4 CHAHUTENT
00101110 5 CARDINAUX
00101111 1
00101112 0
00101120 2
00101121 0
00101122 5 CHAUMATES
00101200 10 CHANFREIN
00101201 10 CREVASSAS
00101202 0
00101210 35 CHAMBREUR
00101211 9 CARDINAUX
00101212 0
00101220 0
00101221 0
00101222 2
00102000 1
00102001 0
00102002 0
00102010 0
00102011 0
00102012 0
00102020 0
00102021 0
00102022 3 CLOUEUSES
00102100 0
00102101 1
00102102 0
00102110 0
00102111 0
00102112 0
00102120 0
00102121 0
00102122 2
00102200 1
00102201 0
00102202 0
00102210 0
00102211 1
00102212 1
00102220 0
00102221 0
00102222 0
00110000 18 CAFARDAGE
00110001 7 CRASSEUSE
00110002 7 CHAUMATES
00110010 0
00110011 0
00110012 0
00110020 4 CHAUMATES
00110021 2
00110022 13 CRASHAMES
00110100 34 CHARIVARI
00110101 15 CLAMSASSE
00110102 6 CHAHUTENT
00110110 14 COMPACTAT
00110111 9 CADREUSES
00110112 0
00110120 7 CRASSEUSE
00110121 0
00110122 6 CROUPIONS
00110200 0
00110201 0
00110202 0
00110210 4 CARDINAUX
00110211 0
00110212 1
00110220 0
00110221 0
00110222 0
00111000 9 CRENERAIT
00111001 1
00111002 5 CROUPIRAI
00111010 0
00111011 0
00111012 0
00111020 1
00111021 0
00111022 11 CARITATIF
00111100 19 CHIRURGIE
00111101 6 CARENASSE
00111102 4 CRENERAIT
00111110 9 CARDIOIDE
00111111 1
00111112 1
00111120 7 CRENERIEZ
00111121 0
00111122 6 CAVALERAI
00111200 23 CHARMEURS
00111201 9 CRIASSENT
00111202 1
00111210 14 CRAMPONNA
00111211 2
00111212 2
00111220 0
00111221 0
00111222 1
00112000 7 CHAHUTENT
00112001 0
00112002 1
00112010 0
00112011 0
00112012 0
00112020 2
00112021 0
00112022 2
00112100 2
00112101 1
00112102 0
00112110 0
00112111 0
00112112 0
00112120 2
00112121 0
00112122 0
00112200 2
00112201 0
00112202 0
00112210 1
00112211 0
00112212 0
00112220 0
00112221 0
00112222 0
00120000 4 CIRCONCIT
00120001 0
00120002 1
00120010 0
00120011 0
00120012 0
00120020 2
00120021 0
00120022 7 CHOUFERAS
00120100 4 CREPELURE
00120101 2
00120102 2
00120110 1
00120111 0
00120112 0
00120120 3 CARDINAUX
00120121 0
00120122 0
00120200 1
00120201 0
00120202 0
00120210 3 CARDINAUX
00120211 1
00120212 0
00120220 0
00120221 0
00120222 1
00121000 5 CREVERAIT
00121001 0
00121002 1
00121010 0
00121011 0
00121012 0
00121020 0
00121021 0
00121022 1
00121100 4 CARDINAUX
00121101 1
00121102 0
00121110 0
00121111 0
00121112 0
00121120 0
00121121 0
00121122 0
00121200 2
00121201 1
00121202 0
00121210 4 CONSPIRER
00121211 1
00121212 0
00121220 0
00121221 0
00121222 0
00122000 2
00122001 2
00122002 0
00122010 0
00122011 0
00122012 0
00122020 0
00122021 0
00122022 0
00122100 2
00122101 0
00122102 0
00122110 0
00122111 0
00122112 0
00122120 0
00122121 0
00122122 0
00122200 1
00122201 1
00122202 0
00122210 1
00122211 0
00122212 0
00122220 0
00122221 0
00122222 0
00200000 0
00200001 0
00200002 0
00200010 0
00200011 0
00200012 0
00200020 0
00200021 0
00200022 11 CARITATIF
00200100 0
00200101 3 CROCHETER
00200102 5 CRASSIERS
00200110 0
00200111 2
00200112 0
00200120 2
00200121 1
00200122 2
00200200 2
00200201 0
00200202 0
00200210 0
00200211 0
00200212 0
00200220 0
00200221 0
00200222 3 CLAMECEES
00201000 1
00201001 1
00201002 1
00201010 0
00201011 0
00201012 0
00201020 0
00201021 2
00201022 2
00201100 0
00201101 0
00201102 0
00201110 0
00201111 2
00201112 2
00201120 2
00201121 1
00201122 5 CHAUMATES
00201200 1
00201201 0
00201202 0
00201210 6 CREPELURE
00201211 0
00201212 0
00201220 0
00201221 0
00201222 0
00202000 0
00202001 0
00202002 0
00202010 0
00202011 0
00202012 0
00202020 0
00202021 0
00202022 1
00202100 0
00202101 0
00202102 0
00202110 0
00202111 0
00202112 0
00202120 0
00202121 0
00202122 0
00202200 0
00202201 0
00202202 0
00202210 0
00202211 0
00202212 0
00202220 0
00202221 0
00202222 0
00210000 1
00210001 0
00210002 2
00210010 0
00210011 0
00210012 0
00210020 1
00210021 0
00210022 1
00210100 9 CARITATIF
00210101 4 CHAUMATES
00210102 5 CARITATIF
00210110 2
00210111 2
00210112 1
00210120 6 CREPIRAIS
00210121 0
00210122 1
00210200 0
00210201 0
00210202 0
00210210 0
00210211 0
00210212 0
00210220 0
00210221 0
00210222 0
00211000 1
00211001 1
00211002 0
00211010 0
00211011 0
00211012 0
00211020 0
00211021 1
00211022 4 CHAUMATES
00211100 3 CONSPIREE
00211101 1
00211102 2
00211110 2
00211111 3 CHAUMATES
00211112 1
00211120 2
00211121 1
00211122 4 CONFERAIS
00211200 5 CHOUFERAS
00211201 0
00211202 1
00211210 4 CUISINENT
00211211 0
00211212 0
00211220 0
00211221 0
00211222 0
00212000 0
00212001 0
00212002 0
00212010 0
00212011 0
00212012 0
00212020 0
00212021 0
00212022 0
00212100 0
00212101 0
00212102 0
00212110 0
00212111 0
00212112 0
00212120 1
00212121 0
00212122 0
00212200 0
00212201 0
00212202 0
00212210 0
00212211 0
00212212 0
00212220 0
00212221 0
00212222 0
00220000 3 CUISINENT
00220001 0
00220002 2
00220010 0
00220011 0
00220012 0
00220020 3 CHANCELEZ
00220021 0
00220022 4 CHAUMERAI
00220100 5 CAVALERAI
00220101 1
00220102 2
00220110 1
00220111 1
00220112 0
00220120 5 CRENERIEZ
00220121 0
00220122 2
00220200 1
00220201 0
00220202 0
00220210 0
00220211 0
00220212 0
00220220 0
00220221 0
00220222 1
00221000 1
00221001 0
00221002 0
00221010 0
00221011 0
00221012 0
00221020 0
00221021 0
00221022 1
00221100 2
00221101 1
00221102 1
00221110 0
00221111 0
00221112 0
00221120 0
00221121 0
00221122 2
00221200 2
00221201 0
00221202 0
00221210 0
00221211 0
00221212 0
00221220 0
00221221 0
00221222 0
00222000 2
00222001 0
00222002 1
00222010 0
00222011 0
00222012 0
00222020 2
00222021 0
00222022 0
00222100 0
00222101 2
00222102 0
00222110 0
00222111 1
00222112 0
00222120 0
00222121 0
00222122 0
00222200 3 CARDINAUX
00222201 0
00222202 0
00222210 0
00222211 0
00222212 0
00222220 0
00222221 0
00222222 0
01000000 1
01000001 0
01000002 4 CRASSEUSE
01000010 0
01000011 0
01000012 0
01000020 4 CRENERAIT
01000021 0
01000022 28 CRASHAMES
01000100 4 CAVALERAI
01000101 17 CHASSEURS
01000102 20 CHAUMASSE
01000110 8 CRENERAIT
01000111 9 CAVALERAI
01000112 3 CHAUMATES
01000120 17 CHAMARREE
01000121 4 CLAMPASSE
01000122 19 CREUSAMES
01000200 5 CHAUMATES
01000201 2
01000202 0
01000210 9 CHANLATTE
01000211 0
01000212 0
01000220 0
01000221 0
01000222 10 CHAUMERAI
01001000 0
01001001 0
01001002 1
01001010 0
01001011 0
01001012 0
01001020 0
01001021 0
01001022 1
01001100 1
01001101 1
01001102 2
01001110 7 CONCIERGE
01001111 1
01001112 0
01001120 4 CHANCELEZ
01001121 0
01001122 4 CLAMECEES
01001200 0
01001201 0
01001202 1
01001210 2
01001211 0
01001212 3 CEMENTEES
01001220 0
01001221 0
01001222 2
01002000 0
01002001 0
01002002 0
01002010 0
01002011 0
01002012 0
01002020 0
01002021 0
01002022 1
01002100 1
01002101 0
01002102 0
01002110 0
01002111 0
01002112 0
01002120 0
01002121 0
01002122 2
01002200 0
01002201 0
01002202 0
01002210 0
01002211 0
01002212 0
01002220 0
01002221 0
01002222 0
01010000 9 CARDINAUX
01010001 3 CATALASES
01010002 9 CRASSEUSE
01010010 0
01010011 0
01010012 0
01010020 5 CHAUMATES
01010021 4 CALOYERES
01010022 22 CLASHAMES
01010100 23 CRAPAHUTA
01010101 19 CHAUSSERA
01010102 23 CHAPARDER
01010110 9 CONCEVRAS
01010111 8 CAVALERAI
01010112 5 CLAMECEES
01010120 23 CHAMBREUR
01010121 5 CARENASSE
01010122 9 COMPRESSA
01010200 2
01010201 2
01010202 2
01010210 6 CHAUMATES
01010211 1
01010212 0
01010220 0
01010221 0
01010222 0
01011000 0
01011001 1
01011002 5 CATALASES
01011010 0
01011011 0
01011012 0
01011020 0
01011021 2
01011022 5 CARENAGES
01011100 8 CAVALERAI
01011101 3 CUISINENT
01011102 7 CONCEVRAS
01011110 3 CLEBERIEZ
01011111 0
01011112 1
01011120 6 CONCEVRAS
01011121 1
01011122 2
01011200 0
01011201 0
01011202 1
01011210 1
01011211 0
01011212 0
01011220 0
01011221 0
01011222 0
01012000 0
01012001 0
01012002 0
01012010 0
01012011 0
01012012 0
01012020 0
01012021 0
01012022 0
01012100 1
01012101 0
01012102 1
01012110 0
01012111 0
01012112 0
01012120 0
01012121 0
01012122 0
01012200 0
01012201 0
01012202 0
01012210 0
01012211 0
01012212 0
01012220 0
01012221 0
01012222 0
01020000 3 CLAMECEES
01020001 1
01020002 5 CRENERAIT
01020010 0
01020011 0
01020012 0
01020020 6 CADRERENT
01020021 4 CRASSEUSE
01020022 13 CLAMPASSE
01020100 3 CRENERAIT
01020101 1
01020102 1
01020110 3 CRENERAIT
01020111 0
01020112 0
01020120 4 CONSPIREE
01020121 2
01020122 5 CAVALERAI
01020200 0
01020201 1
01020202 0
01020210 4 CLAMECEES
01020211 0
01020212 0
01020220 0
01020221 0
01020222 1
01021000 0
01021001 0
01021002 0
01021010 0
01021011 0
01021012 0
01021020 1
01021021 1
01021022 4 CHAUMATES
01021100 1
01021101 0
01021102 0
01021110 1
01021111 0
01021112 0
01021120 1
01021121 0
01021122 1
01021200 0
01021201 0
01021202 0
01021210 0
01021211 0
01021212 0
01021220 0
01021221 0
01021222 0
01022000 0
01022001 0
01022002 0
01022010 0
01022011 0
01022012 0
01022020 0
01022021 0
01022022 0
01022100 2
01022101 0
01022102 0
01022110 0
01022111 0
01022112 0
01022120 0
01022121 0
01022122 0
01022200 0
01022201 0
01022202 1
01022210 0
01022211 0
01022212 0
01022220 0
01022221 0
01022222 0
01100000 5 CADRERENT
01100001 4 CUISINENT
01100002 3 CLAMECEES
01100010 0
01100011 0
01100012 0
01100020 2
01100021 4 CHANCELEZ
01100022 19 CRASHAMES
01100100 6 CRENERAIT
01100101 0
01100102 2
01100110 3 COLLATION
01100111 0
01100112 0
01100120 5 CRENERENT
01100121 2
01100122 7 CHOURAVAI
01100200 1
01100201 0
01100202 0
01100210 3 CHAUMATES
01100211 0
01100212 4 CRENERAIT
01100220 0
01100221 0
01100222 3 CLAMECEES
01101000 4 CRENERAIT
01101001 2
01101002 3 CHAUMATES
01101010 0
01101011 0
01101012 0
01101020 0
01101021 0
01101022 2
01101100 13 CHAPITRAT
01101101 1
01101102 0
01101110 1
01101111 0
01101112 0
01101120 0
01101121 0
01101122 0
01101200 3 CHAHUTENT
01101201 2
01101202 0
01101210 15 CHANVREUR
01101211 0
01101212 0
01101220 0
01101221 0
01101222 0
01102000 0
01102001 0
01102002 0
01102010 0
01102011 0
01102012 0
01102020 0
01102021 0
01102022 0
01102100 0
01102101 0
01102102 0
01102110 0
01102111 0
01102112 0
01102120 0
01102121 0
01102122 1
01102200 0
01102201 0
01102202 0
01102210 0
01102211 0
01102212 0
01102220 0
01102221 0
01102222 0
01110000 9 CHAUMERAI
01110001 6 CARDINAUX
01110002 2
01110010 0
01110011 0
01110012 0
01110020 4 CALOYERES
01110021 0
01110022 13 CAPAHUTER
01110100 20 CHAVIRAIS
01110101 8 CHAUMATES
01110102 5 CLISSATES
01110110 9 CARDINAUX
01110111 0
01110112 0
01110120 7 CADRERIEZ
01110121 0
01110122 4 CAVALERAI
01110200 0
01110201 0
01110202 0
01110210 1
01110211 0
01110212 0
01110220 0
01110221 0
01110222 0
01111000 4 CRASSEUSE
01111001 1
01111002 1
01111010 0
01111011 0
01111012 0
01111020 0
01111021 0
01111022 2
01111100 5 CHAHUTENT
01111101 0
01111102 2
01111110 1
01111111 0
01111112 0
01111120 2
01111121 0
01111122 0
01111200 8 CLAMPAGES
01111201 0
01111202 0
01111210 7 COLLATION
01111211 0
01111212 0
01111220 0
01111221 0
01111222 1
01112000 0
01112001 0
01112002 0
01112010 0
01112011 0
01112012 0
01112020 0
01112021 0
01112022 1
01112100 0
01112101 0
01112102 0
01112110 0
01112111 0
01112112 0
01112120 0
01112121 0
01112122 0
01112200 0
01112201 0
01112202 0
01112210 0
01112211 0
01112212 0
01112220 0
01112221 0
01112222 0
01120000 4 CRENERAIT
01120001 2
01120002 0
01120010 0
01120011 0
01120012 0
01120020 0
01120021 0
01120022 5 CALOYERES
01120100 2
01120101 1
01120102 0
01120110 0
01120111 0
01120112 0
01120120 0
01120121 0
01120122 0
01120200 0
01120201 0
01120202 0
01120210 0
01120211 0
01120212 0
01120220 0
01120221 0
01120222 0
01121000 0
01121001 1
01121002 1
01121010 0
01121011 0
01121012 0
01121020 0
01121021 0
01121022 1
01121100 0
01121101 0
01121102 0
01121110 0
01121111 0
01121112 0
01121120 0
01121121 0
01121122 0
01121200 1
01121201 1
01121202 0
01121210 0
01121211 0
01121212 0
01121220 0
01121221 0
01121222 0
01122000 0
01122001 0
01122002 0
01122010 0
01122011 0
01122012 0
01122020 0
01122021 0
01122022 0
01122100 0
01122101 0
01122102 0
01122110 0
01122111 0
01122112 0
01122120 0
01122121 0
01122122 0
01122200 0
01122201 0
01122202 0
01122210 0
01122211 0
01122212 0
01122220 0
01122221 0
01122222 0
01200000 0
01200001 0
01200002 0
01200010 0
01200011 0
01200012 0
01200020 0
01200021 0
01200022 3 CORDIALES
01200100 1
01200101 0
01200102 1
01200110 0
01200111 0
01200112 0
01200120 0
01200121 0
01200122 1
01200200 0
01200201 0
01200202 0
01200210 2
01200211 0
01200212 2
01200220 0
01200221 0
01200222 1
01201000 0
01201001 0
01201002 0
01201010 0
01201011 0
01201012 0
01201020 0
01201021 0
01201022 0
01201100 1
01201101 0
01201102 1
01201110 1
01201111 0
01201112 0
01201120 3 CRASSEUSE
01201121 0
01201122 2
01201200 0
01201201 0
01201202 0
01201210 1
01201211 0
01201212 0
01201220 0
01201221 0
01201222 0
01202000 0
01202001 0
01202002 0
01202010 0
01202011 0
01202012 0
01202020 0
01202021 0
01202022 0
01202100 0
01202101 0
01202102 0
01202110 1
01202111 0
01202112 0
01202120 0
01202121 0
01202122 0
01202200 0
01202201 0
01202202 0
01202210 0
01202211 0
01202212 0
01202220 0
01202221 0
01202222 0
01210000 0
01210001 0
01210002 0
01210010 0
01210011 0
01210012 0
01210020 0
01210021 0
01210022 0
01210100 0
01210101 0
01210102 0
01210110 1
01210111 0
01210112 1
01210120 1
01210121 0
01210122 0
01210200 0
01210201 0
01210202 0
01210210 0
01210211 0
01210212 0
01210220 0
01210221 0
01210222 0
01211000 0
01211001 0
01211002 0
01211010 0
01211011 0
01211012 0
01211020 0
01211021 0
01211022 0
01211100 3 CONNUSSES
01211101 0
01211102 0
01211110 0
01211111 0
01211112 0
01211120 0
01211121 0
01211122 0
01211200 0
01211201 0
01211202 0
01211210 0
01211211 0
01211212 0
01211220 0
01211221 0
01211222 0
01212000 0
01212001 0
01212002 0
01212010 0
01212011 0
01212012 0
01212020 0
01212021 0
01212022 0
01212100 0
01212101 0
01212102 0
01212110 0
01212111 0
01212112 0
01212120 0
01212121 0
01212122 0
01212200 0
01212201 0
01212202 0
01212210 0
01212211 0
01212212 0
01212220 0
01212221 0
01212222 0
01220000 0
01220001 0
01220002 0
01220010 0
01220011 0
01220012 0
01220020 0
01220021 0
01220022 1
01220100 1
01220101 0
01220102 0
01220110 0
01220111 0
01220112 0
01220120 0
01220121 0
01220122 0
01220200 0
01220201 0
01220202 0
01220210 0
01220211 0
01220212 0
01220220 0
01220221 0
01220222 0
01221000 0
01221001 1
01221002 0
01221010 0
01221011 0
01221012 0
01221020 0
01221021 0
01221022 0
01221100 0
01221101 0
01221102 0
01221110 1
01221111 0
01221112 0
01221120 0
01221121 0
01221122 0
01221200 0
01221201 0
01221202 0
01221210 1
01221211 0
01221212 0
01221220 0
01221221 0
01221222 0
01222000 0
01222001 0
01222002 0
01222010 0
01222011 0
01222012 0
01222020 0
01222021 0
01222022 0
01222100 0
01222101 0
01222102 0
01222110 0
01222111 0
01222112 0
01222120 0
01222121 0
01222122 0
01222200 0
01222201 0
01222202 0
01222210 0
01222211 0
01222212 0
01222220 0
01222221 0
01222222 0
02000000 0
02000001 0
02000002 1
02000010 0
02000011 0
02000012 0
02000020 0
02000021 0
02000022 4 CHAUMATES
02000100 0
02000101 1
02000102 3 CAVALERAI
02000110 0
02000111 3 CARDINAUX
02000112 0
02000120 1
02000121 0
02000122 1
02000200 2
02000201 0
02000202 0
02000210 2
02000211 0
02000212 0
02000220 0
02000221 0
02000222 2
02001000 0
02001001 0
02001002 2
02001010 0
02001011 0
02001012 0
02001020 4 CADRERENT
02001021 0
02001022 3 CRASSEUSE
02001100 1
02001101 0
02001102 0
02001110 0
02001111 0
02001112 0
02001120 1
02001121 0
02001122 0
02001200 0
02001201 0
02001202 0
02001210 0
02001211 0
02001212 0
02001220 0
02001221 0
02001222 0
02002000 0
02002001 0
02002002 0
02002010 0
02002011 0
02002012 0
02002020 0
02002021 0
02002022 0
02002100 0
02002101 0
02002102 0
02002110 0
02002111 0
02002112 0
02002120 0
02002121 0
02002122 0
02002200 1
02002201 0
02002202 0
02002210 0
02002211 0
02002212 0
02002220 0
02002221 0
02002222 0
02010000 2
02010001 0
02010002 5 COUILLEES
02010010 0
02010011 0
02010012 0
02010020 2
02010021 2
02010022 6 CAVALERAI
02010100 2
02010101 0
02010102 3 CARDINAUX
02010110 0
02010111 0
02010112 1
02010120 4 CLAMECEES
02010121 1
02010122 2
02010200 2
02010201 0
02010202 0
02010210 0
02010211 0
02010212 0
02010220 0
02010221 0
02010222 1
02011000 5 CHAUMATES
02011001 0
02011002 3 CALOYERES
02011010 0
02011011 0
02011012 0
02011020 6 COMPAROIR
02011021 0
02011022 4 CHAUMATES
02011100 3 CAVALERAI
02011101 1
02011102 2
02011110 1
02011111 0
02011112 0
02011120 6 CHAUMEREZ
02011121 0
02011122 1
02011200 0
02011201 0
02011202 0
02011210 0
02011211 0
02011212 0
02011220 0
02011221 0
02011222 0
02012000 0
02012001 0
02012002 0
02012010 0
02012011 0
02012012 0
02012020 0
02012021 0
02012022 0
02012100 0
02012101 0
02012102 0
02012110 0
02012111 0
02012112 0
02012120 0
02012121 0
02012122 0
02012200 0
02012201 0
02012202 0
02012210 0
02012211 0
02012212 0
02012220 0
02012221 0
02012222 0
02020000 1
02020001 0
02020002 2
02020010 0
02020011 0
02020012 0
02020020 3 CRENERAIT
02020021 1
02020022 4 CLAMECIEZ
02020100 3 CALOYERES
02020101 0
02020102 0
02020110 0
02020111 0
02020112 0
02020120 1
02020121 0
02020122 0
02020200 0
02020201 0
02020202 0
02020210 1
02020211 0
02020212 0
02020220 0
02020221 0
02020222 0
02021000 0
02021001 0
02021002 0
02021010 0
02021011 0
02021012 0
02021020 0
02021021 1
02021022 0
02021100 0
02021101 0
02021102 0
02021110 0
02021111 0
02021112 0
02021120 0
02021121 0
02021122 0
02021200 0
02021201 0
02021202 0
02021210 0
02021211 0
02021212 0
02021220 0
02021221 0
02021222 0
02022000 0
02022001 0
02022002 2
02022010 0
02022011 0
02022012 0
02022020 2
02022021 0
02022022 0
02022100 0
02022101 0
02022102 0
02022110 0
02022111 0
02022112 0
02022120 0
02022121 0
02022122 0
02022200 2
02022201 0
02022202 0
02022210 0
02022211 0
02022212 0
02022220 0
02022221 0
02022222 1
02100000 0
02100001 0
02100002 0
02100010 0
02100011 0
02100012 0
02100020 0
02100021 0
02100022 1
02100100 3 COLLATION
02100101 0
02100102 0
02100110 1
02100111 1
02100112 1
02100120 1
02100121 0
02100122 2
02100200 3 CRASSEUSE
02100201 0
02100202 0
02100210 1
02100211 0
02100212 1
02100220 0
02100221 0
02100222 2
02101000 5 CHAHUTENT
02101001 0
02101002 0
02101010 0
02101011 0
02101012 0
02101020 0
02101021 0
02101022 0
02101100 0
02101101 0
02101102 0
02101110 1
02101111 0
02101112 0
02101120 0
02101121 0
02101122 0
02101200 3 COLLATION
02101201 2
02101202 0
02101210 4 CRENERAIT
02101211 1
02101212 0
02101220 0
02101221 0
02101222 0
02102000 0
02102001 0
02102002 0
02102010 0
02102011 0
02102012 0
02102020 0
02102021 0
02102022 1
02102100 0
02102101 0
02102102 0
02102110 0
02102111 0
02102112 0
02102120 0
02102121 0
02102122 0
02102200 0
02102201 0
02102202 0
02102210 0
02102211 0
02102212 0
02102220 0
02102221 0
02102222 0
02110000 4 CARDINAUX
02110001 0
02110002 2
02110010 0
02110011 0
02110012 0
02110020 2
02110021 0
02110022 1
02110100 2
02110101 0
02110102 0
02110110 4 CARDINAUX
02110111 0
02110112 0
02110120 0
02110121 0
02110122 1
02110200 0
02110201 0
02110202 0
02110210 0
02110211 0
02110212 0
02110220 0
02110221 0
02110222 0
02111000 4 CAVALERAI
02111001 0
02111002 0
02111010 0
02111011 0
02111012 0
02111020 0
02111021 0
02111022 1
02111100 1
02111101 0
02111102 0
02111110 0
02111111 0
02111112 1
02111120 0
02111121 0
02111122 0
02111200 3 CADRERENT
02111201 0
02111202 0
02111210 2
02111211 0
02111212 0
02111220 0
02111221 0
02111222 0
02112000 0
02112001 0
02112002 0
02112010 0
02112011 0
02112012 0
02112020 0
02112021 0
02112022 0
02112100 0
02112101 0
02112102 0
02112110 0
02112111 0
02112112 0
02112120 0
02112121 0
02112122 0
02112200 0
02112201 0
02112202 0
02112210 0
02112211 0
02112212 0
02112220 0
02112221 0
02112222 0
02120000 2
02120001 0
02120002 0
02120010 0
02120011 0
02120012 0
02120020 0
02120021 0
02120022 1
02120100 0
02120101 0
02120102 0
02120110 0
02120111 0
02120112 0
02120120 0
02120121 0
02120122 0
02120200 0
02120201 0
02120202 0
02120210 0
02120211 0
02120212 0
02120220 0
02120221 0
02120222 0
02121000 0
02121001 0
02121002 0
02121010 0
02121011 0
02121012 0
02121020 0
02121021 0
02121022 0
02121100 0
02121101 0
02121102 0
02121110 0
02121111 0
02121112 0
02121120 0
02121121 0
02121122 0
02121200 1
02121201 0
02121202 0
02121210 0
02121211 0
02121212 0
02121220 0
02121221 0
02121222 0
02122000 4 CHAHUTENT
02122001 0
02122002 0
02122010 0
02122011 0
02122012 0
02122020 0
02122021 0
02122022 0
02122100 0
02122101 0
02122102 0
02122110 0
02122111 0
02122112 0
02122120 0
02122121 0
02122122 0
02122200 2
02122201 0
02122202 0
02122210 0
02122211 0
02122212 0
02122220 0
02122221 0
02122222 0
02200000 1
02200001 0
02200002 0
02200010 0
02200011 0
02200012 0
02200020 0
02200021 0
02200022 1
02200100 1
02200101 0
02200102 0
02200110 1
02200111 0
02200112 0
02200120 0
02200121 0
02200122 0
02200200 0
02200201 0
02200202 1
02200210 0
02200211 0
02200212 0
02200220 0
02200221 0
02200222 0
02201000 0
02201001 0
02201002 0
02201010 0
02201011 0
02201012 0
02201020 0
02201021 0
02201022 0
02201100 0
02201101 0
02201102 0
02201110 0
02201111 0
02201112 0
02201120 0
02201121 0
02201122 0
02201200 0
02201201 0
02201202 0
02201210 1
02201211 0
02201212 0
02201220 0
02201221 0
02201222 0
02202000 0
02202001 0
02202002 0
02202010 0
02202011 0
02202012 0
02202020 0
02202021 0
02202022 0
02202100 0
02202101 0
02202102 0
02202110 0
02202111 0
02202112 0
02202120 0
02202121 0
02202122 0
02202200 0
02202201 0
02202202 0
02202210 0
02202211 0
02202212 0
02202220 0
02202221 0
02202222 0
02210000 0
02210001 0
02210002 0
02210010 0
02210011 0
02210012 0
02210020 0
02210021 0
02210022 0
02210100 1
02210101 0
02210102 1
02210110 0
02210111 0
02210112 0
02210120 1
02210121 0
02210122 0
02210200 0
02210201 0
02210202 0
02210210 0
02210211 0
02210212 0
02210220 0
02210221 0
02210222 0
02211000 0
02211001 0
02211002 0
02211010 0
02211011 0
02211012 0
02211020 0
02211021 0
02211022 0
02211100 0
02211101 0
02211102 0
02211110 0
02211111 0
02211112 0
02211120 0
02211121 0
02211122 0
02211200 1
02211201 0
02211202 0
02211210 0
02211211 0
02211212 0
02211220 0
02211221 0
02211222 0
02212000 0
02212001 0
02212002 0
02212010 0
02212011 0
02212012 0
02212020 0
02212021 0
02212022 0
02212100 0
02212101 0
02212102 0
02212110 0
02212111 0
02212112 0
02212120 0
02212121 0
02212122 0
02212200 0
02212201 0
02212202 0
02212210 0
02212211 0
02212212 0
02212220 0
02212221 0
02212222 0
02220000 1
02220001 0
02220002 2
02220010 0
02220011 0
02220012 0
02220020 1
02220021 0
02220022 1
02220100 0
02220101 0
02220102 0
02220110 1
02220111 0
02220112 0
02220120 0
02220121 0
02220122 2
02220200 1
02220201 0
02220202 0
02220210 1
02220211 0
02220212 0
02220220 0
02220221 0
02220222 1
02221000 1
02221001 0
02221002 0
02221010 0
02221011 0
02221012 0
02221020 0
02221021 0
02221022 0
02221100 0
02221101 1
02221102 0
02221110 0
02221111 0
02221112 0
02221120 0
02221121 0
02221122 0
02221200 1
02221201 0
02221202 0
02221210 0
02221211 0
02221212 0
02221220 0
02221221 0
02221222 0
02222000 0
02222001 0
02222002 0
02222010 0
02222011 0
02222012 0
02222020 0
02222021 0
02222022 0
02222100 0
02222101 0
02222102 0
02222110 0
02222111 0
02222112 0
02222120 0
02222121 0
02222122 0
02222200 0
02222201 0
02222202 0
02222210 0
02222211 0
02222212 0
02222220 0
02222221 0
02222222 0
10000000 1
10000001 0
10000002 7 CHAUMATES
10000010 0
10000011 0
10000012 0
10000020 4 CHANCELEZ
10000021 2
10000022 22 CHOUFAMES
10000100 4 CADRERENT
10000101 9 CHAUMERAI
10000102 11 CREUSERAI
10000110 1
10000111 3 CRENERAIT
10000112 0
10000120 9 CHOUFERAS
10000121 3 CRENERAIT
10000122 1
10000200 1
10000201 2
10000202 1
10000210 1
10000211 1
10000212 0
10000220 0
10000221 0
10000222 5 CHIBOUQUE
10001000 4 CHAUMERAI
10001001 1
10001002 19 CRAPAUDUC
10001010 0
10001011 0
10001012 0
10001020 0
10001021 0
10001022 3 CLAMECEES
10001100 7 CATARRHAL
10001101 1
10001102 30 CHAMBREUR
10001110 3 CADRERENT
10001111 2
10001112 7 CRAMPONNA
10001120 0
10001121 0
10001122 2
10001200 0
10001201 1
10001202 1
10001210 2
10001211 0
10001212 0
10001220 0
10001221 0
10001222 1
10002000 4 CORDONNAI
10002001 0
10002002 6 CONCEVRAS
10002010 0
10002011 0
10002012 0
10002020 4 CHANCELEZ
10002021 0
10002022 5 CHANCELEZ
10002100 3 CARDINAUX
10002101 1
10002102 1
10002110 0
10002111 0
10002112 0
10002120 2
10002121 0
10002122 0
10002200 2
10002201 0
10002202 0
10002210 0
10002211 0
10002212 0
10002220 0
10002221 0
10002222 2
10010000 5 CRASSEUSE
10010001 3 CHOFASSES
10010002 14 CRAVACHAI
10010010 0
10010011 0
10010012 0
10010020 5 CHAUMATES
10010021 6 CHARTREUX
10010022 14 CHAUMERAI
10010100 10 CARGUERAI
10010101 6 CONSPIREE
10010102 9 COMPISSAI
10010110 1
10010111 1
10010112 0
10010120 4 CONFIRMAI
10010121 3 CHAHUTENT
10010122 4 CRENERAIT
10010200 2
10010201 0
10010202 1
10010210 1
10010211 1
10010212 0
10010220 0
10010221 0
10010222 1
10011000 6 CUISINENT
10011001 3 CADRERENT
10011002 49 CHOURINAI
10011010 0
10011011 0
10011012 0
10011020 5 CRENERAIT
10011021 5 CRENERAIT
10011022 8 CONNUSSES
10011100 10 CARDINAUX
10011101 3 CARDINAUX
10011102 25 CHOURAVER
10011110 2
10011111 1
10011112 2
10011120 2
10011121 1
10011122 1
10011200 0
10011201 0
10011202 1
10011210 1
10011211 0
10011212 0
10011220 0
10011221 0
10011222 0
10012000 5 CRAMSAMES
10012001 1
10012002 6 CONCEVRAS
10012010 0
10012011 0
10012012 0
10012020 6 CONSPIREE
10012021 0
10012022 1
10012100 1
10012101 1
10012102 1
10012110 0
10012111 0
10012112 0
10012120 1
10012121 0
10012122 0
10012200 1
10012201 0
10012202 0
10012210 0
10012211 0
10012212 0
10012220 0
10012221 0
10012222 0
10020000 2
10020001 1
10020002 1
10020010 0
10020011 0
10020012 0
10020020 0
10020021 2
10020022 1
10020100 3 CARDINAUX
10020101 0
10020102 0
10020110 0
10020111 0
10020112 0
10020120 0
10020121 1
10020122 0
10020200 0
10020201 0
10020202 0
10020210 0
10020211 0
10020212 0
10020220 0
10020221 0
10020222 0
10021000 0
10021001 0
10021002 4 CUISINENT
10021010 0
10021011 0
10021012 0
10021020 0
10021021 0
10021022 0
10021100 1
10021101 1
10021102 3 CHAUMATES
10021110 0
10021111 0
10021112 0
10021120 0
10021121 0
10021122 0
10021200 0
10021201 0
10021202 0
10021210 0
10021211 0
10021212 0
10021220 0
10021221 0
10021222 0
10022000 0
10022001 0
10022002 7 CHAHUTENT
10022010 0
10022011 0
10022012 0
10022020 2
10022021 0
10022022 0
10022100 1
10022101 1
10022102 1
10022110 0
10022111 0
10022112 0
10022120 0
10022121 0
10022122 0
10022200 3 CHOUFERAS
10022201 0
10022202 0
10022210 0
10022211 0
10022212 0
10022220 0
10022221 0
10022222 0
10100000 6 CHAUMATES
10100001 1
10100002 5 CHAUMATES
10100010 0
10100011 0
10100012 0
10100020 8 CHAHUTEUR
10100021 0
10100022 26 CHAUMARDS
10100100 11 CACAOYERE
10100101 9 CHAPARDAI
10100102 9 CHAMBARDA
10100110 3 CRASSEUSE
10100111 3 CARDINAUX
10100112 0
10100120 14 CHOPERIEZ
10100121 3 CRENERENT
10100122 5 CHAUMATES
10100200 4 CARDINAUX
10100201 0
10100202 1
10100210 1
10100211 0
10100212 0
10100220 0
10100221 0
10100222 3 CLAMECEES
10101000 7 CARENCERA
10101001 3 CRENERAIT
10101002 9 CHAUMATES
10101010 0
10101011 0
10101012 0
10101020 1
10101021 1
10101022 4 CHAUMATES
10101100 26 CHROUMERA
10101101 4 CRASSEUSE
10101102 6 CRASSEUSE
10101110 7 CRAMPONNA
10101111 2
10101112 1
10101120 1
10101121 0
10101122 2
10101200 3 CADRERENT
10101201 3 CRENERAIT
10101202 0
10101210 5 CRYPTAMES
10101211 1
10101212 0
10101220 0
10101221 0
10101222 0
10102000 5 CONCEVRAS
10102001 0
10102002 0
10102010 0
10102011 0
10102012 0
10102020 0
10102021 0
10102022 1
10102100 1
10102101 0
10102102 0
10102110 0
10102111 0
10102112 0
10102120 0
10102121 0
10102122 0
10102200 2
10102201 0
10102202 0
10102210 0
10102211 0
10102212 0
10102220 0
10102221 0
10102222 0
10110000 15 CHAPITRAI
10110001 4 CARDINAUX
10110002 8 CHANCIRAI
10110010 0
10110011 0
10110012 0
10110020 10 CROCHETER
10110021 0
10110022 6 CHOUFERAS
10110100 16 CAMPHRIER
10110101 4 COMMEMORA
10110102 1
10110110 2
10110111 1
10110112 0
10110120 2
10110121 1
10110122 1
10110200 3 CROUPIONS
10110201 0
10110202 0
10110210 0
10110211 0
10110212 0
10110220 0
10110221 0
10110222 1
10111000 11 CHARCLANT
10111001 5 CRENERAIT
10111002 24 CAPITONNA
10111010 0
10111011 0
10111012 0
10111020 3 CHERCHEUR
10111021 0
10111022 3 COMPARSES
10111100 13 CHENOPODE
10111101 3 CAROTTAGE
10111102 5 CARDINAUX
10111110 4 CROUPIONS
10111111 1
10111112 0
10111120 0
10111121 0
10111122 1
10111200 9 CRYPTAMES
10111201 2
10111202 2
10111210 1
10111211 0
10111212 0
10111220 0
10111221 0
10111222 0
10112000 4 CONCEVRAS
10112001 0
10112002 0
10112010 0
10112011 0
10112012 0
10112020 1
10112021 0
10112022 1
10112100 0
10112101 0
10112102 0
10112110 0
10112111 0
10112112 0
10112120 1
10112121 0
10112122 0
10112200 0
10112201 0
10112202 0
10112210 0
10112211 0
10112212 0
10112220 0
10112221 0
10112222 0
10120000 3 CUISINENT
10120001 1
10120002 1
10120010 0
10120011 0
10120012 0
10120020 2
10120021 0
10120022 3 CHANCELEZ
10120100 1
10120101 0
10120102 0
10120110 1
10120111 0
10120112 0
10120120 1
10120121 0
10120122 0
10120200 0
10120201 0
10120202 0
10120210 0
10120211 0
10120212 0
10120220 0
10120221 0
10120222 0
10121000 1
10121001 0
10121002 0
10121010 0
10121011 0
10121012 0
10121020 0
10121021 0
10121022 0
10121100 2
10121101 0
10121102 2
10121110 0
10121111 0
10121112 0
10121120 0
10121121 0
10121122 0
10121200 0
10121201 0
10121202 0
10121210 0
10121211 0
10121212 0
10121220 0
10121221 0
10121222 0
10122000 4 CHAHUTENT
10122001 0
10122002 0
10122010 0
10122011 0
10122012 0
10122020 0
10122021 0
10122022 0
10122100 0
10122101 0
10122102 1
10122110 1
10122111 0
10122112 0
10122120 0
10122121 0
10122122 0
10122200 2
10122201 0
10122202 0
10122210 0
10122211 0
10122212 0
10122220 0
10122221 0
10122222 0
10200000 1
10200001 0
10200002 0
10200010 0
10200011 0
10200012 0
10200020 0
10200021 0
10200022 2
10200100 1
10200101 1
10200102 1
10200110 0
10200111 0
10200112 0
10200120 1
10200121 0
10200122 0
10200200 0
10200201 1
10200202 0
10200210 0
10200211 0
10200212 0
10200220 0
10200221 0
10200222 0
10201000 1
10201001 0
10201002 2
10201010 0
10201011 0
10201012 0
10201020 0
10201021 0
10201022 0
10201100 4 CREPELURE
10201101 0
10201102 4 CARFERRYS
10201110 2
10201111 0
10201112 2
10201120 0
10201121 0
10201122 0
10201200 0
10201201 0
10201202 0
10201210 0
10201211 0
10201212 0
10201220 0
10201221 0
10201222 0
10202000 4 CAVALERAI
10202001 0
10202002 3 CARDINAUX
10202010 0
10202011 0
10202012 0
10202020 6 CONSPIRER
10202021 0
10202022 3 CAPTURIEZ
10202100 1
10202101 0
10202102 0
10202110 0
10202111 0
10202112 0
10202120 2
10202121 0
10202122 1
10202200 0
10202201 0
10202202 0
10202210 0
10202211 0
10202212 0
10202220 0
10202221 0
10202222 0
10210000 1
10210001 1
10210002 1
10210010 0
10210011 0
10210012 0
10210020 1
10210021 0
10210022 0
10210100 1
10210101 1
10210102 0
10210110 0
10210111 0
10210112 0
10210120 0
10210121 0
10210122 1
10210200 1
10210201 0
10210202 0
10210210 0
10210211 0
10210212 0
10210220 0
10210221 0
10210222 0
10211000 1
10211001 0
10211002 6 CRASSEUSE
10211010 0
10211011 0
10211012 0
10211020 0
10211021 0
10211022 0
10211100 2
10211101 0
10211102 2
10211110 0
10211111 0
10211112 0
10211120 0
10211121 0
10211122 0
10211200 1
10211201 0
10211202 0
10211210 0
10211211 0
10211212 0
10211220 0
10211221 0
10211222 0
10212000 3 CRASSEUSE
10212001 0
10212002 1
10212010 0
10212011 0
10212012 0
10212020 0
10212021 0
10212022 0
10212100 0
10212101 0
10212102 0
10212110 0
10212111 0
10212112 0
10212120 0
10212121 0
10212122 0
10212200 0
10212201 0
10212202 0
10212210 0
10212211 0
10212212 0
10212220 0
10212221 0
10212222 0
10220000 0
10220001 0
10220002 0
10220010 0
10220011 0
10220012 0
10220020 0
10220021 0
10220022 0
10220100 0
10220101 0
10220102 0
10220110 0
10220111 0
10220112 0
10220120 0
10220121 0
10220122 0
10220200 0
10220201 0
10220202 0
10220210 0
10220211 0
10220212 0
10220220 0
10220221 0
10220222 0
10221000 1
10221001 0
10221002 2
10221010 0
10221011 0
10221012 0
10221020 0
10221021 0
10221022 0
10221100 1
10221101 0
10221102 1
10221110 0
10221111 0
10221112 0
10221120 0
10221121 0
10221122 0
10221200 0
10221201 0
10221202 0
10221210 0
10221211 0
10221212 0
10221220 0
10221221 0
10221222 0
10222000 0
10222001 0
10222002 1
10222010 0
10222011 0
10222012 0
10222020 0
10222021 0
10222022 0
10222100 0
10222101 0
10222102 0
10222110 0
10222111 0
10222112 0
10222120 0
10222121 0
10222122 0
10222200 0
10222201 0
10222202 0
10222210 0
10222211 0
10222212 0
10222220 0
10222221 0
10222222 0
11000000 5 CHAUMATES
11000001 0
11000002 6 CHAUMATES
11000010 0
11000011 0
11000012 0
11000020 8 CLAMECIEZ
11000021 1
11000022 19 CROUPALES
11000100 5 CHAUMATES
11000101 6 CARDINAUX
11000102 8 CHOUFERAS
11000110 1
11000111 2
11000112 0
11000120 8 CRASSEUSE
11000121 0
11000122 1
11000200 1
11000201 0
11000202 0
11000210 1
11000211 0
11000212 0
11000220 0
11000221 0
11000222 1
11001000 1
11001001 0
11001002 4 CLAMECEES
11001010 0
11001011 0
11001012 0
11001020 0
11001021 0
11001022 2
11001100 3 CLAMECEES
11001101 0
11001102 15 CHALOUPER
11001110 0
11001111 1
11001112 4 CLAMECEES
11001120 0
11001121 0
11001122 1
11001200 0
11001201 0
11001202 0
11001210 0
11001211 0
11001212 0
11001220 1
11001221 0
11001222 0
11002000 1
11002001 0
11002002 1
11002010 0
11002011 0
11002012 0
11002020 2
11002021 0
11002022 1
11002100 3 CATALOGNE
11002101 0
11002102 0
11002110 0
11002111 0
11002112 0
11002120 1
11002121 0
11002122 0
11002200 0
11002201 0
11002202 0
11002210 0
11002211 0
11002212 0
11002220 0
11002221 0
11002222 0
11010000 8 COLORIAGE
11010001 1
11010002 4 CONNUSSES
11010010 0
11010011 0
11010012 0
11010020 0
11010021 0
11010022 4 CLAMECEES
11010100 14 CARGUERAI
11010101 1
11010102 4 CHERCHEUR
11010110 1
11010111 1
11010112 0
11010120 3 CLEPSYDRE
11010121 3 CRENERENT
11010122 4 CRENERAIT
11010200 0
11010201 0
11010202 0
11010210 0
11010211 0
11010212 0
11010220 0
11010221 0
11010222 0
11011000 3 CLAMECEES
11011001 1
11011002 34 CHAUVIRAI
11011010 0
11011011 0
11011012 0
11011020 0
11011021 0
11011022 2
11011100 5 CHAHUTENT
11011101 2
11011102 8 CAVALEURS
11011110 2
11011111 0
11011112 0
11011120 1
11011121 0
11011122 0
11011200 0
11011201 0
11011202 0
11011210 0
11011211 0
11011212 0
11011220 0
11011221 0
11011222 0
11012000 1
11012001 0
11012002 0
11012010 0
11012011 0
11012012 0
11012020 0
11012021 0
11012022 1
11012100 0
11012101 0
11012102 0
11012110 0
11012111 0
11012112 0
11012120 1
11012121 0
11012122 0
11012200 0
11012201 0
11012202 0
11012210 0
11012211 0
11012212 0
11012220 0
11012221 0
11012222 0
11020000 1
11020001 0
11020002 2
11020010 0
11020011 0
11020012 0
11020020 2
11020021 0
11020022 5 CARDINAUX
11020100 3 CHYLIFERE
11020101 0
11020102 0
11020110 1
11020111 0
11020112 0
11020120 0
11020121 0
11020122 0
11020200 0
11020201 0
11020202 0
11020210 0
11020211 0
11020212 0
11020220 0
11020221 0
11020222 0
11021000 3 CRASSEUSE
11021001 0
11021002 2
11021010 0
11021011 0
11021012 0
11021020 0
11021021 0
11021022 1
11021100 1
11021101 0
11021102 0
11021110 0
11021111 0
11021112 0
11021120 0
11021121 0
11021122 0
11021200 0
11021201 0
11021202 0
11021210 1
11021211 0
11021212 0
11021220 0
11021221 0
11021222 0
11022000 0
11022001 0
11022002 2
11022010 0
11022011 0
11022012 0
11022020 1
11022021 0
11022022 0
11022100 0
11022101 0
11022102 0
11022110 0
11022111 0
11022112 0
11022120 0
11022121 0
11022122 0
11022200 1
11022201 0
11022202 0
11022210 0
11022211 0
11022212 0
11022220 0
11022221 0
11022222 0
11100000 5 CARDINAUX
11100001 0
11100002 5 CHAUMATES
11100010 0
11100011 0
11100012 0
11100020 1
11100021 1
11100022 10 CARGUAMES
11100100 6 CLAMPAGES
11100101 1
11100102 2
11100110 2
11100111 0
11100112 0
11100120 3 CAVALERAI
11100121 0
11100122 1
11100200 3 CLEBERIEZ
11100201 0
11100202 0
11100210 0
11100211 0
11100212 0
11100220 0
11100221 0
11100222 1
11101000 3 CROUPIONS
11101001 0
11101002 4 CONOBRAIS
11101010 0
11101011 0
11101012 0
11101020 0
11101021 0
11101022 0
11101100 11 CRAMPONNA
11101101 0
11101102 2
11101110 1
11101111 0
11101112 0
11101120 0
11101121 0
11101122 0
11101200 2
11101201 0
11101202 0
11101210 5 CRANEUSES
11101211 0
11101212 0
11101220 0
11101221 0
11101222 0
11102000 1
11102001 0
11102002 0
11102010 0
11102011 0
11102012 0
11102020 0
11102021 0
11102022 0
11102100 0
11102101 0
11102102 0
11102110 0
11102111 0
11102112 0
11102120 0
11102121 0
11102122 0
11102200 0
11102201 0
11102202 0
11102210 0
11102211 0
11102212 0
11102220 0
11102221 0
11102222 0
11110000 7 CLAMPERAI
11110001 0
11110002 8 CHIBOUQUE
11110010 0
11110011 0
11110012 0
11110020 5 CEREBRALE
11110021 0
11110022 3 CATALASES
11110100 9 CLERICAUX
11110101 1
11110102 0
11110110 2
11110111 1
11110112 0
11110120 0
11110121 0
11110122 1
11110200 1
11110201 0
11110202 1
11110210 1
11110211 0
11110212 0
11110220 0
11110221 0
11110222 1
11111000 4 CUISINENT
11111001 0
11111002 3 COUILLEES
11111010 0
11111011 0
11111012 0
11111020 2
11111021 0
11111022 1
11111100 5 CLAMECEES
11111101 0
11111102 1
11111110 0
11111111 0
11111112 0
11111120 0
11111121 0
11111122 0
11111200 6 COURONNAI
11111201 0
11111202 0
11111210 0
11111211 0
11111212 0
11111220 0
11111221 0
11111222 0
11112000 0
11112001 0
11112002 0
11112010 0
11112011 0
11112012 0
11112020 0
11112021 0
11112022 0
11112100 0
11112101 0
11112102 0
11112110 0
11112111 0
11112112 0
11112120 0
11112121 0
11112122 0
11112200 0
11112201 0
11112202 0
11112210 0
11112211 0
11112212 0
11112220 0
11112221 0
11112222 0
11120000 2
11120001 0
11120002 0
11120010 0
11120011 0
11120012 0
11120020 1
11120021 0
11120022 0
11120100 0
11120101 0
11120102 0
11120110 0
11120111 0
11120112 0
11120120 0
11120121 0
11120122 0
11120200 0
11120201 0
11120202 0
11120210 0
11120211 0
11120212 0
11120220 0
11120221 0
11120222 0
11121000 1
11121001 0
11121002 0
11121010 0
11121011 0
11121012 0
11121020 0
11121021 0
11121022 0
11121100 0
11121101 0
11121102 0
11121110 0
11121111 0
11121112 0
11121120 0
11121121 0
11121122 0
11121200 0
11121201 0
11121202 0
11121210 0
11121211 0
11121212 0
11121220 0
11121221 0
11121222 0
11122000 2
11122001 0
11122002 0
11122010 0
11122011 0
11122012 0
11122020 0
11122021 0
11122022 0
11122100 0
11122101 0
11122102 0
11122110 0
11122111 0
11122112 0
11122120 0
11122121 0
11122122 0
11122200 1
11122201 0
11122202 0
11122210 0
11122211 0
11122212 0
11122220 0
11122221 0
11122222 0
11200000 0
11200001 0
11200002 0
11200010 0
11200011 0
11200012 0
11200020 0
11200021 0
11200022 0
11200100 0
11200101 0
11200102 0
11200110 0
11200111 0
11200112 0
11200120 0
11200121 0
11200122 0
11200200 1
11200201 0
11200202 0
11200210 0
11200211 0
11200212 0
11200220 0
11200221 0
11200222 1
11201000 2
11201001 0
11201002 2
11201010 0
11201011 0
11201012 0
11201020 0
11201021 0
11201022 0
11201100 1
11201101 0
11201102 0
11201110 0
11201111 0
11201112 1
11201120 0
11201121 0
11201122 0
11201200 1
11201201 0
11201202 0
11201210 0
11201211 0
11201212 0
11201220 0
11201221 0
11201222 0
11202000 0
11202001 0
11202002 0
11202010 0
11202011 0
11202012 0
11202020 0
11202021 0
11202022 0
11202100 1
11202101 0
11202102 0
11202110 0
11202111 0
11202112 0
11202120 0
11202121 0
11202122 0
11202200 0
11202201 0
11202202 0
11202210 0
11202211 0
11202212 0
11202220 0
11202221 0
11202222 0
11210000 1
11210001 0
11210002 1
11210010 0
11210011 0
11210012 0
11210020 1
11210021 0
11210022 0
11210100 1
11210101 0
11210102 0
11210110 0
11210111 0
11210112 0
11210120 0
11210121 0
11210122 0
11210200 0
11210201 0
11210202 0
11210210 0
11210211 0
11210212 0
11210220 0
11210221 0
11210222 0
11211000 0
11211001 0
11211002 0
11211010 0
11211011 0
11211012 0
11211020 0
11211021 0
11211022 0
11211100 0
11211101 0
11211102 0
11211110 1
11211111 0
11211112 0
11211120 0
11211121 0
11211122 0
11211200 0
11211201 0
11211202 0
11211210 0
11211211 0
11211212 0
11211220 0
11211221 0
11211222 0
11212000 0
11212001 0
11212002 0
11212010 0
11212011 0
11212012 0
11212020 0
11212021 0
11212022 0
11212100 0
11212101 0
11212102 0
11212110 0
11212111 0
11212112 0
11212120 0
11212121 0
11212122 0
11212200 0
11212201 0
11212202 0
11212210 0
11212211 0
11212212 0
11212220 0
11212221 0
11212222 0
11220000 0
11220001 0
11220002 0
11220010 0
11220011 0
11220012 0
11220020 0
11220021 0
11220022 0
11220100 0
11220101 0
11220102 0
11220110 0
11220111 0
11220112 0
11220120 0
11220121 0
11220122 0
11220200 0
11220201 0
11220202 0
11220210 0
11220211 0
11220212 0
11220220 0
11220221 0
11220222 0
11221000 0
11221001 0
11221002 0
11221010 0
11221011 0
11221012 0
11221020 0
11221021 0
11221022 0
11221100 1
11221101 0
11221102 0
11221110 1
11221111 0
11221112 0
11221120 0
11221121 0
11221122 0
11221200 0
11221201 0
11221202 0
11221210 0
11221211 0
11221212 0
11221220 0
11221221 0
11221222 0
11222000 0
11222001 0
11222002 0
11222010 0
11222011 0
11222012 0
11222020 0
11222021 0
11222022 0
11222100 0
11222101 0
11222102 0
11222110 0
11222111 0
11222112 0
11222120 0
11222121 0
11222122 0
11222200 0
11222201 0
11222202 0
11222210 0
11222211 0
11222212 0
11222220 0
11222221 0
11222222 0
12000000 0
12000001 0
12000002 1
12000010 0
12000011 0
12000012 0
12000020 2
12000021 0
12000022 3 CHAUMATES
12000100 1
12000101 1
12000102 1
12000110 0
12000111 2
12000112 0
12000120 2
12000121 0
12000122 1
12000200 0
12000201 0
12000202 0
12000210 0
12000211 0
12000212 0
12000220 0
12000221 0
12000222 0
12001000 0
12001001 0
12001002 1
12001010 0
12001011 0
12001012 0
12001020 0
12001021 0
12001022 0
12001100 1
12001101 0
12001102 1
12001110 0
12001111 0
12001112 1
12001120 0
12001121 0
12001122 0
12001200 0
12001201 0
12001202 0
12001210 0
12001211 0
12001212 0
12001220 0
12001221 0
12001222 0
12002000 0
12002001 0
12002002 0
12002010 0
12002011 0
12002012 0
12002020 0
12002021 0
12002022 0
12002100 0
12002101 0
12002102 0
12002110 0
12002111 0
12002112 0
12002120 0
12002121 0
12002122 0
12002200 0
12002201 0
12002202 0
12002210 0
12002211 0
12002212 0
12002220 0
12002221 0
12002222 0
12010000 1
12010001 1
12010002 1
12010010 0
12010011 0
12010012 0
12010020 0
12010021 2
12010022 1
12010100 4 CRASSEUSE
12010101 0
12010102 0
12010110 0
12010111 0
12010112 0
12010120 0
12010121 1
12010122 0
12010200 0
12010201 0
12010202 0
12010210 0
12010211 0
12010212 0
12010220 0
12010221 0
12010222 0
12011000 0
12011001 0
12011002 5 CADREUSES
12011010 0
12011011 0
12011012 0
12011020 0
12011021 0
12011022 1
12011100 0
12011101 0
12011102 3 CADRERENT
12011110 0
12011111 0
12011112 1
12011120 0
12011121 0
12011122 0
12011200 0
12011201 0
12011202 0
12011210 0
12011211 0
12011212 0
12011220 0
12011221 0
12011222 0
12012000 1
12012001 0
12012002 1
12012010 0
12012011 0
12012012 0
12012020 2
12012021 0
12012022 1
12012100 0
12012101 0
12012102 0
12012110 0
12012111 0
12012112 0
12012120 1
12012121 0
12012122 0
12012200 0
12012201 0
12012202 0
12012210 0
12012211 0
12012212 0
12012220 0
12012221 0
12012222 0
12020000 0
12020001 0
12020002 0
12020010 0
12020011 0
12020012 0
12020020 0
12020021 0
12020022 0
12020100 1
12020101 0
12020102 0
12020110 0
12020111 0
12020112 0
12020120 0
12020121 0
12020122 0
12020200 0
12020201 0
12020202 0
12020210 0
12020211 0
12020212 0
12020220 0
12020221 0
12020222 0
12021000 0
12021001 0
12021002 2
12021010 0
12021011 0
12021012 0
12021020 0
12021021 0
12021022 0
12021100 0
12021101 0
12021102 0
12021110 0
12021111 0
12021112 0
12021120 0
12021121 0
12021122 0
12021200 0
12021201 0
12021202 0
12021210 0
12021211 0
12021212 0
12021220 0
12021221 0
12021222 0
12022000 0
12022001 0
12022002 2
12022010 0
12022011 0
12022012 0
12022020 0
12022021 0
12022022 0
12022100 0
12022101 0
12022102 0
12022110 0
12022111 0
12022112 0
12022120 0
12022121 0
12022122 0
12022200 0
12022201 0
12022202 0
12022210 0
12022211 0
12022212 0
12022220 0
12022221 0
12022222 0
12100000 1
12100001 0
12100002 0
12100010 0
12100011 0
12100012 0
12100020 0
12100021 0
12100022 1
12100100 1
12100101 0
12100102 0
12100110 0
12100111 0
12100112 0
12100120 0
12100121 0
12100122 0
12100200 2
12100201 0
12100202 0
12100210 0
12100211 0
12100212 0
12100220 0
12100221 0
12100222 2
12101000 2
12101001 0
12101002 4 COLLATION
12101010 0
12101011 0
12101012 0
12101020 0
12101021 0
12101022 0
12101100 1
12101101 0
12101102 0
12101110 0
12101111 0
12101112 0
12101120 0
12101121 0
12101122 0
12101200 2
12101201 0
12101202 0
12101210 0
12101211 0
12101212 0
12101220 0
12101221 0
12101222 0
12102000 0
12102001 0
12102002 0
12102010 0
12102011 0
12102012 0
12102020 0
12102021 0
12102022 0
12102100 0
12102101 0
12102102 0
12102110 0
12102111 0
12102112 0
12102120 0
12102121 0
12102122 0
12102200 0
12102201 0
12102202 0
12102210 0
12102211 0
12102212 0
12102220 0
12102221 0
12102222 0
12110000 2
12110001 1
12110002 2
12110010 0
12110011 0
12110012 0
12110020 3 CALOYERES
12110021 0
12110022 1
12110100 0
12110101 1
12110102 0
12110110 0
12110111 0
12110112 0
12110120 0
12110121 0
12110122 0
12110200 0
12110201 0
12110202 0
12110210 0
12110211 0
12110212 0
12110220 0
12110221 0
12110222 0
12111000 0
12111001 0
12111002 0
12111010 0
12111011 0
12111012 0
12111020 0
12111021 0
12111022 0
12111100 1
12111101 0
12111102 1
12111110 0
12111111 0
12111112 0
12111120 0
12111121 0
12111122 0
12111200 0
12111201 0
12111202 0
12111210 0
12111211 0
12111212 0
12111220 0
12111221 0
12111222 0
12112000 1
12112001 0
12112002 0
12112010 0
12112011 0
12112012 0
12112020 0
12112021 0
12112022 0
12112100 0
12112101 0
12112102 0
12112110 0
12112111 0
12112112 0
12112120 0
12112121 0
12112122 0
12112200 0
12112201 0
12112202 0
12112210 0
12112211 0
12112212 0
12112220 0
12112221 0
12112222 0
12120000 0
12120001 0
12120002 0
12120010 0
12120011 0
12120012 0
12120020 0
12120021 0
12120022 0
12120100 0
12120101 0
12120102 0
12120110 0
12120111 0
12120112 0
12120120 0
12120121 0
12120122 0
12120200 0
12120201 0
12120202 0
12120210 0
12120211 0
12120212 0
12120220 0
12120221 0
12120222 0
12121000 1
12121001 0
12121002 0
12121010 0
12121011 0
12121012 0
12121020 0
12121021 0
12121022 0
12121100 0
12121101 0
12121102 0
12121110 0
12121111 0
12121112 0
12121120 0
12121121 0
12121122 0
12121200 0
12121201 0
12121202 0
12121210 0
12121211 0
12121212 0
12121220 0
12121221 0
12121222 0
12122000 0
12122001 0
12122002 0
12122010 0
12122011 0
12122012 0
12122020 0
12122021 0
12122022 0
12122100 0
12122101 0
12122102 0
12122110 0
12122111 0
12122112 0
12122120 0
12122121 0
12122122 0
12122200 0
12122201 0
12122202 0
12122210 0
12122211 0
12122212 0
12122220 0
12122221 0
12122222 0
12200000 0
12200001 0
12200002 0
12200010 0
12200011 0
12200012 0
12200020 0
12200021 0
12200022 0
12200100 0
12200101 0
12200102 0
12200110 0
12200111 0
12200112 0
12200120 0
12200121 0
12200122 0
12200200 0
12200201 0
12200202 0
12200210 0
12200211 0
12200212 0
12200220 0
12200221 0
12200222 0
12201000 0
12201001 0
12201002 0
12201010 0
12201011 0
12201012 0
12201020 0
12201021 0
12201022 0
12201100 1
12201101 0
12201102 1
12201110 1
12201111 0
12201112 0
12201120 0
12201121 0
12201122 0
12201200 0
12201201 0
12201202 0
12201210 0
12201211 0
12201212 0
12201220 0
12201221 0
12201222 0
12202000 0
12202001 0
12202002 0
12202010 0
12202011 0
12202012 0
12202020 0
12202021 0
12202022 0
12202100 0
12202101 0
12202102 0
12202110 0
12202111 0
12202112 0
12202120 0
12202121 0
12202122 0
12202200 0
12202201 0
12202202 0
12202210 0
12202211 0
12202212 0
12202220 0
12202221 0
12202222 0
12210000 0
12210001 0
12210002 0
12210010 0
12210011 0
12210012 0
12210020 0
12210021 0
12210022 0
12210100 0
12210101 0
12210102 0
12210110 0
12210111 0
12210112 0
12210120 0
12210121 0
12210122 0
12210200 0
12210201 0
12210202 0
12210210 0
12210211 0
12210212 0
12210220 0
12210221 0
12210222 0
12211000 0
12211001 0
12211002 0
12211010 0
12211011 0
12211012 0
12211020 0
12211021 0
12211022 0
12211100 0
12211101 0
12211102 0
12211110 0
12211111 0
12211112 0
12211120 0
12211121 0
12211122 0
12211200 0
12211201 0
12211202 0
12211210 0
12211211 0
12211212 0
12211220 0
12211221 0
12211222 0
12212000 0
12212001 0
12212002 0
12212010 0
12212011 0
12212012 0
12212020 0
12212021 0
12212022 0
12212100 0
12212101 0
12212102 0
12212110 0
12212111 0
12212112 0
12212120 0
12212121 0
12212122 0
12212200 0
12212201 0
12212202 0
12212210 0
12212211 0
12212212 0
12212220 0
12212221 0
12212222 0
12220000 0
12220001 0
12220002 0
12220010 0
12220011 0
12220012 0
12220020 0
12220021 0
12220022 0
12220100 0
12220101 0
12220102 0
12220110 0
12220111 0
12220112 0
12220120 0
12220121 0
12220122 0
12220200 0
12220201 0
12220202 0
12220210 0
12220211 0
12220212 0
12220220 0
12220221 0
12220222 0
12221000 0
12221001 0
12221002 1
12221010 0
12221011 0
12221012 0
12221020 0
12221021 0
12221022 0
12221100 0
12221101 0
12221102 0
12221110 0
12221111 0
12221112 0
12221120 0
12221121 0
12221122 0
12221200 0
12221201 0
12221202 0
12221210 0
12221211 0
12221212 0
12221220 0
12221221 0
12221222 0
12222000 0
12222001 0
12222002 0
12222010 0
12222011 0
12222012 0
12222020 0
12222021 0
12222022 0
12222100 0
12222101 0
12222102 0
12222110 0
12222111 0
12222112 0
12222120 0
12222121 0
12222122 0
12222200 0
12222201 0
12222202 0
12222210 0
12222211 0
12222212 0
12222220 0
12222221 0
12222222 0
20000000 5 COMMEMORA
20000001 0
20000002 4 CLAMECEES
20000010 0
20000011 0
20000012 0
20000020 1
20000021 2
20000022 26 CHAUMARDS
20000100 7 CLAMECERA
20000101 8 CHAUSSERA
20000102 13 COURSERAI
20000110 3 CROUPIONS
20000111 8 COULERAIS
20000112 3 CONCEVRAS
20000120 9 CHARGEURS
20000121 4 CHANCELEZ
20000122 10 COUPERAIS
20000200 4 CREVERAIT
20000201 3 CREVERAIT
20000202 0
20000210 2
20000211 1
20000212 0
20000220 0
20000221 0
20000222 6 CADRERENT
20001000 5 CORRIGEUR
20001001 0
20001002 22 CONCOURRA
20001010 0
20001011 0
20001012 0
20001020 13 CONCORDER
20001021 6 CONSPIRER
20001022 18 CENSURONS
20001100 6 CONCEVRAS
20001101 1
20001102 23 CARDEUSES
20001110 6 CHANCELEZ
20001111 2
20001112 0
20001120 13 CONCOURRA
20001121 11 CRISERIEZ
20001122 11 CHEVESNES
20001200 4 CONNUSSES
20001201 2
20001202 0
20001210 7 CRUCIFERE
20001211 0
20001212 0
20001220 1
20001221 0
20001222 10 CORPORAUX
20002000 4 CRENERAIT
20002001 0
20002002 9 CRAPAUDUC
20002010 0
20002011 0
20002012 0
20002020 9 CHAUMEREZ
20002021 0
20002022 6 CHOUFERAS
20002100 3 CRASSEUSE
20002101 0
20002102 5 CONNUSSES
20002110 0
20002111 0
20002112 0
20002120 7 CROCODILE
20002121 6 CARDIOIDE
20002122 6 CONCORDAI
20002200 1
20002201 1
20002202 0
20002210 2
20002211 0
20002212 0
20002220 0
20002221 0
20002222 2
20010000 3 CAVALERAI
20010001 2
20010002 15 COUDOYAIS
20010010 0
20010011 0
20010012 0
20010020 13 CRAINDREZ
20010021 3 CARDINAUX
20010022 13 CUIVRAMES
20010100 12 CARGUERAI
20010101 10 CRASSEUSE
20010102 17 CLUPEIDES
20010110 3 CONCEVRAS
20010111 2
20010112 0
20010120 20 CROUPIRAI
20010121 3 CORDISTES
20010122 6 CARDINAUX
20010200 4 COUILLEES
20010201 0
20010202 3 CADREUSES
20010210 2
20010211 1
20010212 0
20010220 0
20010221 0
20010222 3 COUILLEES
20011000 11 CONQUIMES
20011001 9 CARDINAUX
20011002 37 COUVRIRAI
20011010 0
20011011 0
20011012 0
20011020 9 CHAUVIREZ
20011021 8 CONCLUIEZ
20011022 14 CUIVRAMES
20011100 18 CRUCIFIAI
20011101 10 COUINASSE
20011102 19 CHARRUAGE
20011110 3 CRENERAIT
20011111 0
20011112 0
20011120 13 CAGNARDEZ
20011121 2
20011122 3 CONCEVRAS
20011200 2
20011201 0
20011202 2
20011210 1
20011211 0
20011212 1
20011220 0
20011221 0
20011222 1
20012000 8 CHAUMATES
20012001 0
20012002 6 CANONIALE
20012010 0
20012011 0
20012012 0
20012020 3 CACAOTIER
20012021 2
20012022 1
20012100 2
20012101 2
20012102 1
20012110 0
20012111 0
20012112 0
20012120 1
20012121 0
20012122 0
20012200 0
20012201 1
20012202 0
20012210 0
20012211 0
20012212 0
20012220 0
20012221 0
20012222 1
20020000 0
20020001 1
20020002 2
20020010 0
20020011 0
20020012 0
20020020 1
20020021 2
20020022 6 CROUPISSE
20020100 0
20020101 0
20020102 0
20020110 0
20020111 0
20020112 0
20020120 0
20020121 1
20020122 2
20020200 3 CUISINENT
20020201 0
20020202 1
20020210 0
20020211 0
20020212 0
20020220 0
20020221 0
20020222 1
20021000 5 CONCEVRAS
20021001 3 CAVALERAI
20021002 11 CHAUVIRAI
20021010 0
20021011 0
20021012 0
20021020 4 CACAOTIER
20021021 3 CRASSEUSE
20021022 7 CHANFREIN
20021100 5 CONCEVRAS
20021101 3 CONCEVRAS
20021102 2
20021110 2
20021111 0
20021112 0
20021120 3 CONCEVRAS
20021121 1
20021122 1
20021200 1
20021201 2
20021202 0
20021210 0
20021211 1
20021212 0
20021220 0
20021221 0
20021222 1
20022000 1
20022001 0
20022002 6 CHAUMATES
20022010 0
20022011 0
20022012 0
20022020 2
20022021 1
20022022 1
20022100 0
20022101 3 CARDINAUX
20022102 0
20022110 0
20022111 0
20022112 0
20022120 0
20022121 0
20022122 0
20022200 2
20022201 1
20022202 0
20022210 0
20022211 0
20022212 0
20022220 0
20022221 0
20022222 2
20100000 6 CARDINAUX
20100001 2
20100002 7 CARDINAUX
20100010 0
20100011 0
20100012 0
20100020 6 CAPTURIEZ
20100021 2
20100022 23 COMPACTAT
20100100 10 CAMBIAIRE
20100101 5 COCOMPACT
20100102 7 CLAMECERA
20100110 7 CAMBRAGES
20100111 4 CAVALERAI
20100112 0
20100120 7 COMPOSTEZ
20100121 1
20100122 11 COURSAMES
20100200 4 CLAMECERA
20100201 0
20100202 0
20100210 3 COURRIERS
20100211 1
20100212 1
20100220 0
20100221 0
20100222 5 COMMEMORA
20101000 25 COMPORTAT
20101001 8 COMPAROIR
20101002 13 CONSTANCE
20101010 0
20101011 0
20101012 0
20101020 4 CAPTURIEZ
20101021 2
20101022 4 CONCEVRAS
20101100 24 CARPIENNE
20101101 11 CONSTANTS
20101102 10 CRAMSERAS
20101110 4 CORDIALES
20101111 2
20101112 3 CARDINAUX
20101120 11 CRENERENT
20101121 1
20101122 5 CLAMECEES
20101200 17 CONCORDAI
20101201 6 CADEAUTAT
20101202 0
20101210 19 CHANVREUR
20101211 5 CARESSERA
20101212 0
20101220 0
20101221 0
20101222 1
20102000 6 CRUCIFIAI
20102001 1
20102002 1
20102010 0
20102011 0
20102012 0
20102020 2
20102021 0
20102022 2
20102100 5 CONCEVRAS
20102101 2
20102102 1
20102110 1
20102111 0
20102112 0
20102120 3 CONCEVREZ
20102121 1
20102122 2
20102200 4 CHAHUTENT
20102201 1
20102202 0
20102210 0
20102211 0
20102212 0
20102220 0
20102221 0
20102222 1
20110000 22 COPRODUIT
20110001 5 CHAHUTENT
20110002 9 CLAMPSAIS
20110010 0
20110011 0
20110012 0
20110020 6 CLAMECERA
20110021 4 CHARTREUX
20110022 10 CAFETAMES
20110100 27 CROUPIRAI
20110101 9 CARESSERA
20110102 6 CHAUSSAIS
20110110 1
20110111 0
20110112 0
20110120 6 CHARTREUX
20110121 4 CONSPIRER
20110122 2
20110200 0
20110201 0
20110202 2
20110210 1
20110211 0
20110212 0
20110220 0
20110221 0
20110222 0
20111000 21 CANONICAT
20111001 14 CONSPUAIT
20111002 20 CRAMOISIS
20111010 0
20111011 0
20111012 0
20111020 4 CONCEVRAS
20111021 3 CRASSEUSE
20111022 11 CRAPAUDUC
20111100 23 CONCEVANT
20111101 5 CONTESTER
20111102 4 CROCHETER
20111110 3 CRENERAIT
20111111 0
20111112 0
20111120 1
20111121 1
20111122 0
20111200 17 CRAPAUDUC
20111201 7 CONSTRUIS
20111202 0
20111210 2
20111211 0
20111212 0
20111220 0
20111221 0
20111222 0
20112000 4 CLAMECEES
20112001 3 CUISINENT
20112002 1
20112010 0
20112011 0
20112012 0
20112020 2
20112021 0
20112022 0
20112100 2
20112101 2
20112102 1
20112110 0
20112111 1
20112112 0
20112120 0
20112121 0
20112122 1
20112200 0
20112201 1
20112202 0
20112210 0
20112211 0
20112212 0
20112220 0
20112221 0
20112222 0
20120000 2
20120001 1
20120002 1
20120010 0
20120011 0
20120012 0
20120020 1
20120021 0
20120022 2
20120100 3 COLLATION
20120101 3 CRENERAIT
20120102 3 CONTESTER
20120110 0
20120111 0
20120112 0
20120120 2
20120121 2
20120122 1
20120200 2
20120201 0
20120202 0
20120210 2
20120211 0
20120212 0
20120220 0
20120221 0
20120222 2
20121000 9 CRENERAIT
20121001 5 CUISINENT
20121002 4 CHAUMATES
20121010 0
20121011 0
20121012 0
20121020 0
20121021 2
20121022 5 COVOITURA
20121100 6 CARDINAUX
20121101 0
20121102 1
20121110 0
20121111 0
20121112 0
20121120 0
20121121 0
20121122 0
20121200 9 CHANFREIN
20121201 2
20121202 0
20121210 1
20121211 0
20121212 0
20121220 0
20121221 0
20121222 0
20122000 4 CLAMECENT
20122001 2
20122002 1
20122010 0
20122011 0
20122012 0
20122020 0
20122021 0
20122022 1
20122100 0
20122101 0
20122102 0
20122110 0
20122111 0
20122112 0
20122120 0
20122121 0
20122122 0
20122200 2
20122201 1
20122202 0
20122210 0
20122211 0
20122212 0
20122220 0
20122221 0
20122222 0
20200000 0
20200001 0
20200002 0
20200010 0
20200011 0
20200012 0
20200020 0
20200021 0
20200022 2
20200100 0
20200101 0
20200102 0
20200110 0
20200111 0
20200112 0
20200120 0
20200121 0
20200122 2
20200200 1
20200201 1
20200202 0
20200210 0
20200211 0
20200212 0
20200220 0
20200221 0
20200222 3 CROUPIONS
20201000 6 CAVALERAI
20201001 2
20201002 5 CALOYERES
20201010 0
20201011 0
20201012 0
20201020 2
20201021 0
20201022 4 CHAUMATES
20201100 9 CONCEVRAS
20201101 3 CONNUSSES
20201102 7 CREPELURE
20201110 1
20201111 0
20201112 0
20201120 5 CHOUFERAS
20201121 3 CONSPIREE
20201122 3 COMPOSTEZ
20201200 1
20201201 1
20201202 0
20201210 2
20201211 0
20201212 0
20201220 0
20201221 0
20201222 0
20202000 1
20202001 0
20202002 1
20202010 0
20202011 0
20202012 0
20202020 0
20202021 0
20202022 1
20202100 2
20202101 0
20202102 2
20202110 0
20202111 0
20202112 0
20202120 3 CONSPIREE
20202121 0
20202122 2
20202200 2
20202201 0
20202202 0
20202210 1
20202211 0
20202212 0
20202220 0
20202221 0
20202222 1
20210000 2
20210001 1
20210002 3 CALOYERES
20210010 0
20210011 0
20210012 0
20210020 4 CLEBERIEZ
20210021 2
20210022 2
20210100 2
20210101 0
20210102 2
20210110 0
20210111 0
20210112 0
20210120 2
20210121 0
20210122 0
20210200 1
20210201 0
20210202 0
20210210 0
20210211 0
20210212 0
20210220 0
20210221 0
20210222 0
20211000 7 CHAUMERAI
20211001 2
20211002 4 CONCEVRAS
20211010 0
20211011 0
20211012 0
20211020 1
20211021 0
20211022 1
20211100 10 COUARDISE
20211101 2
20211102 4 CHOUFERAS
20211110 0
20211111 0
20211112 0
20211120 1
20211121 0
20211122 0
20211200 4 CONCHIAIS
20211201 0
20211202 0
20211210 1
20211211 0
20211212 0
20211220 0
20211221 0
20211222 0
20212000 1
20212001 0
20212002 1
20212010 0
20212011 0
20212012 0
20212020 1
20212021 0
20212022 0
20212100 3 CRENERAIT
20212101 0
20212102 1
20212110 0
20212111 0
20212112 0
20212120 1
20212121 0
20212122 0
20212200 0
20212201 0
20212202 0
20212210 0
20212211 0
20212212 0
20212220 0
20212221 0
20212222 0
20220000 1
20220001 0
20220002 0
20220010 0
20220011 0
20220012 0
20220020 0
20220021 0
20220022 0
20220100 0
20220101 0
20220102 0
20220110 0
20220111 0
20220112 0
20220120 0
20220121 0
20220122 1
20220200 0
20220201 0
20220202 0
20220210 0
20220211 0
20220212 0
20220220 0
20220221 0
20220222 0
20221000 0
20221001 0
20221002 0
20221010 0
20221011 0
20221012 0
20221020 0
20221021 0
20221022 1
20221100 0
20221101 1
20221102 0
20221110 1
20221111 0
20221112 0
20221120 0
20221121 0
20221122 0
20221200 0
20221201 0
20221202 0
20221210 0
20221211 0
20221212 0
20221220 0
20221221 0
20221222 0
20222000 3 CAVALERAI
20222001 0
20222002 2
20222010 0
20222011 0
20222012 0
20222020 2
20222021 0
20222022 3 CHAUMATES
20222100 0
20222101 1
20222102 0
20222110 0
20222111 0
20222112 0
20222120 1
20222121 0
20222122 0
20222200 1
20222201 0
20222202 0
20222210 0
20222211 0
20222212 0
20222220 0
20222221 0
20222222 0
21000000 0
21000001 0
21000002 3 COSTUMONS
21000010 0
21000011 0
21000012 0
21000020 0
21000021 2
21000022 9 CLIPPAMES
21000100 1
21000101 4 CHAUMATES
21000102 7 CHAUSSURE
21000110 3 CRENERAIT
21000111 0
21000112 0
21000120 11 COUINEREZ
21000121 1
21000122 5 CLOUEUSES
21000200 1
21000201 0
21000202 1
21000210 3 CARDINAUX
21000211 0
21000212 0
21000220 0
21000221 0
21000222 3 CRENERAIT
21001000 0
21001001 0
21001002 7 CONCLAVES
21001010 0
21001011 0
21001012 0
21001020 2
21001021 2
21001022 5 CONCEVRAS
21001100 4 CRENERAIT
21001101 1
21001102 4 CRENERAIT
21001110 3 COMMEMORA
21001111 0
21001112 0
21001120 0
21001121 1
21001122 0
21001200 2
21001201 1
21001202 0
21001210 1
21001211 0
21001212 0
21001220 0
21001221 0
21001222 2
21002000 0
21002001 0
21002002 0
21002010 0
21002011 0
21002012 0
21002020 0
21002021 0
21002022 0
21002100 1
21002101 1
21002102 0
21002110 0
21002111 0
21002112 0
21002120 0
21002121 0
21002122 0
21002200 0
21002201 0
21002202 0
21002210 0
21002211 0
21002212 0
21002220 0
21002221 0
21002222 0
21010000 6 CARDINAUX
21010001 3 CHAHUTENT
21010002 3 CATALASES
21010010 0
21010011 0
21010012 0
21010020 2
21010021 2
21010022 6 CAPTURIEZ
21010100 13 COMPAROIR
21010101 2
21010102 3 CARDINAUX
21010110 2
21010111 1
21010112 0
21010120 5 CHERCHEUR
21010121 1
21010122 0
21010200 2
21010201 0
21010202 1
21010210 0
21010211 0
21010212 0
21010220 0
21010221 0
21010222 1
21011000 2
21011001 4 CONCEVRAS
21011002 10 CAUSALGIE
21011010 0
21011011 0
21011012 0
21011020 5 CONCEVREZ
21011021 1
21011022 0
21011100 6 CHANCELLE
21011101 2
21011102 1
21011110 2
21011111 1
21011112 0
21011120 2
21011121 0
21011122 0
21011200 0
21011201 0
21011202 0
21011210 0
21011211 0
21011212 0
21011220 0
21011221 0
21011222 0
21012000 0
21012001 0
21012002 0
21012010 0
21012011 0
21012012 0
21012020 0
21012021 0
21012022 0
21012100 0
21012101 0
21012102 0
21012110 0
21012111 0
21012112 0
21012120 0
21012121 0
21012122 0
21012200 0
21012201 0
21012202 0
21012210 0
21012211 0
21012212 0
21012220 0
21012221 0
21012222 0
21020000 2
21020001 1
21020002 4 CHAUMATES
21020010 0
21020011 0
21020012 0
21020020 3 CHANCELEZ
21020021 3 CADRERENT
21020022 4 CHAUMATES
21020100 0
21020101 0
21020102 0
21020110 1
21020111 0
21020112 0
21020120 1
21020121 1
21020122 0
21020200 1
21020201 1
21020202 0
21020210 0
21020211 0
21020212 0
21020220 0
21020221 0
21020222 2
21021000 4 CONCHIANT
21021001 0
21021002 3 CLAMECEES
21021010 0
21021011 0
21021012 0
21021020 2
21021021 0
21021022 1
21021100 1
21021101 0
21021102 0
21021110 0
21021111 0
21021112 0
21021120 1
21021121 0
21021122 0
21021200 0
21021201 0
21021202 0
21021210 0
21021211 0
21021212 0
21021220 0
21021221 0
21021222 0
21022000 0
21022001 0
21022002 0
21022010 0
21022011 0
21022012 0
21022020 0
21022021 0
21022022 0
21022100 0
21022101 0
21022102 0
21022110 0
21022111 0
21022112 0
21022120 0
21022121 0
21022122 0
21022200 0
21022201 0
21022202 0
21022210 0
21022211 0
21022212 0
21022220 0
21022221 0
21022222 0
21100000 1
21100001 1
21100002 1
21100010 0
21100011 0
21100012 0
21100020 2
21100021 0
21100022 6 CHAUMATES
21100100 5 CAILLETAT
21100101 1
21100102 3 CLAMECEES
21100110 3 CAVALERAI
21100111 0
21100112 0
21100120 4 CRASSEUSE
21100121 0
21100122 1
21100200 0
21100201 0
21100202 0
21100210 0
21100211 0
21100212 2
21100220 0
21100221 0
21100222 0
21101000 4 CONCEVRAS
21101001 4 CUISINENT
21101002 2
21101010 0
21101011 0
21101012 0
21101020 0
21101021 2
21101022 2
21101100 6 CARDINAUX
21101101 2
21101102 1
21101110 1
21101111 1
21101112 0
21101120 0
21101121 1
21101122 0
21101200 5 CONCEVRAS
21101201 1
21101202 0
21101210 4 CRENERAIT
21101211 0
21101212 0
21101220 0
21101221 0
21101222 0
21102000 0
21102001 0
21102002 0
21102010 0
21102011 0
21102012 0
21102020 0
21102021 0
21102022 1
21102100 0
21102101 0
21102102 0
21102110 0
21102111 0
21102112 0
21102120 0
21102121 0
21102122 0
21102200 0
21102201 0
21102202 0
21102210 0
21102211 0
21102212 0
21102220 0
21102221 0
21102222 0
21110000 8 CHAUMERAI
21110001 1
21110002 2
21110010 0
21110011 0
21110012 0
21110020 2
21110021 0
21110022 3 COUILLEES
21110100 10 CORIANDRE
21110101 0
21110102 0
21110110 1
21110111 0
21110112 0
21110120 1
21110121 0
21110122 0
21110200 0
21110201 0
21110202 0
21110210 0
21110211 0
21110212 0
21110220 0
21110221 0
21110222 0
21111000 4 CONCEVRAS
21111001 2
21111002 1
21111010 0
21111011 0
21111012 0
21111020 0
21111021 0
21111022 0
21111100 1
21111101 0
21111102 0
21111110 0
21111111 0
21111112 0
21111120 0
21111121 0
21111122 0
21111200 2
21111201 0
21111202 0
21111210 0
21111211 0
21111212 0
21111220 0
21111221 0
21111222 0
21112000 0
21112001 0
21112002 0
21112010 0
21112011 0
21112012 0
21112020 0
21112021 0
21112022 0
21112100 0
21112101 0
21112102 0
21112110 0
21112111 0
21112112 0
21112120 0
21112121 0
21112122 0
21112200 0
21112201 0
21112202 0
21112210 0
21112211 0
21112212 0
21112220 0
21112221 0
21112222 0
21120000 3 COUILLEES
21120001 2
21120002 0
21120010 0
21120011 0
21120012 0
21120020 0
21120021 0
21120022 0
21120100 1
21120101 0
21120102 0
21120110 0
21120111 0
21120112 0
21120120 0
21120121 0
21120122 0
21120200 0
21120201 0
21120202 0
21120210 0
21120211 0
21120212 0
21120220 0
21120221 0
21120222 0
21121000 3 CHAHUTENT
21121001 1
21121002 0
21121010 0
21121011 0
21121012 0
21121020 0
21121021 0
21121022 0
21121100 0
21121101 0
21121102 0
21121110 0
21121111 0
21121112 0
21121120 0
21121121 0
21121122 0
21121200 1
21121201 1
21121202 0
21121210 0
21121211 0
21121212 0
21121220 0
21121221 0
21121222 0
21122000 0
21122001 0
21122002 0
21122010 0
21122011 0
21122012 0
21122020 0
21122021 0
21122022 0
21122100 0
21122101 0
21122102 0
21122110 0
21122111 0
21122112 0
21122120 0
21122121 0
21122122 0
21122200 0
21122201 0
21122202 0
21122210 0
21122211 0
21122212 0
21122220 0
21122221 0
21122222 0
21200000 0
21200001 0
21200002 0
21200010 0
21200011 0
21200012 0
21200020 0
21200021 0
21200022 0
21200100 0
21200101 0
21200102 0
21200110 0
21200111 0
21200112 0
21200120 0
21200121 0
21200122 0
21200200 0
21200201 0
21200202 0
21200210 0
21200211 0
21200212 0
21200220 0
21200221 0
21200222 0
21201000 2
21201001 0
21201002 1
21201010 0
21201011 0
21201012 0
21201020 2
21201021 0
21201022 1
21201100 2
21201101 1
21201102 0
21201110 1
21201111 0
21201112 0
21201120 2
21201121 1
21201122 0
21201200 0
21201201 0
21201202 0
21201210 0
21201211 0
21201212 0
21201220 0
21201221 0
21201222 0
21202000 0
21202001 0
21202002 0
21202010 0
21202011 0
21202012 0
21202020 0
21202021 0
21202022 0
21202100 0
21202101 0
21202102 0
21202110 0
21202111 0
21202112 0
21202120 0
21202121 0
21202122 0
21202200 0
21202201 0
21202202 0
21202210 0
21202211 0
21202212 0
21202220 0
21202221 0
21202222 0
21210000 0
21210001 0
21210002 0
21210010 0
21210011 0
21210012 0
21210020 0
21210021 0
21210022 0
21210100 0
21210101 0
21210102 0
21210110 0
21210111 0
21210112 0
21210120 1
21210121 0
21210122 0
21210200 0
21210201 0
21210202 0
21210210 0
21210211 0
21210212 0
21210220 0
21210221 0
21210222 0
21211000 1
21211001 0
21211002 0
21211010 0
21211011 0
21211012 0
21211020 0
21211021 0
21211022 0
21211100 1
21211101 0
21211102 0
21211110 0
21211111 0
21211112 0
21211120 0
21211121 0
21211122 0
21211200 0
21211201 0
21211202 0
21211210 0
21211211 0
21211212 0
21211220 0
21211221 0
21211222 0
21212000 0
21212001 0
21212002 0
21212010 0
21212011 0
21212012 0
21212020 0
21212021 0
21212022 0
21212100 0
21212101 0
21212102 0
21212110 0
21212111 0
21212112 0
21212120 0
21212121 0
21212122 0
21212200 0
21212201 0
21212202 0
21212210 0
21212211 0
21212212 0
21212220 0
21212221 0
21212222 0
21220000 0
21220001 0
21220002 1
21220010 0
21220011 0
21220012 0
21220020 0
21220021 0
21220022 0
21220100 2
21220101 0
21220102 0
21220110 0
21220111 0
21220112 0
21220120 0
21220121 0
21220122 0
21220200 0
21220201 0
21220202 0
21220210 0
21220211 0
21220212 0
21220220 0
21220221 0
21220222 0
21221000 0
21221001 0
21221002 0
21221010 0
21221011 0
21221012 0
21221020 0
21221021 0
21221022 0
21221100 0
21221101 0
21221102 0
21221110 0
21221111 0
21221112 0
21221120 0
21221121 0
21221122 0
21221200 0
21221201 0
21221202 0
21221210 0
21221211 0
21221212 0
21221220 0
21221221 0
21221222 0
21222000 0
21222001 0
21222002 0
21222010 0
21222011 0
21222012 0
21222020 1
21222021 0
21222022 0
21222100 0
21222101 0
21222102 0
21222110 0
21222111 0
21222112 0
21222120 0
21222121 0
21222122 0
21222200 0
21222201 0
21222202 0
21222210 0
21222211 0
21222212 0
21222220 0
21222221 0
21222222 0
22000000 2
22000001 1
22000002 3 CHOUFERAS
22000010 0
22000011 0
22000012 0
22000020 2
22000021 2
22000022 6 COMPOSTEZ
22000100 3 CALOYERES
22000101 3 COLLATION
22000102 2
22000110 1
22000111 1
22000112 0
22000120 2
22000121 0
22000122 2
22000200 1
22000201 0
22000202 0
22000210 1
22000211 0
22000212 0
22000220 0
22000221 0
22000222 0
22001000 0
22001001 0
22001002 1
22001010 0
22001011 0
22001012 0
22001020 0
22001021 0
22001022 1
22001100 1
22001101 0
22001102 1
22001110 1
22001111 0
22001112 0
22001120 0
22001121 0
22001122 0
22001200 0
22001201 0
22001202 0
22001210 1
22001211 0
22001212 0
22001220 0
22001221 0
22001222 0
22002000 0
22002001 0
22002002 0
22002010 0
22002011 0
22002012 0
22002020 0
22002021 0
22002022 0
22002100 1
22002101 0
22002102 0
22002110 0
22002111 0
22002112 0
22002120 0
22002121 0
22002122 0
22002200 0
22002201 0
22002202 0
22002210 0
22002211 0
22002212 0
22002220 0
22002221 0
22002222 0
22010000 2
22010001 2
22010002 2
22010010 0
22010011 0
22010012 0
22010020 2
22010021 2
22010022 4 COLLATION
22010100 6 CONSPIREE
22010101 1
22010102 1
22010110 1
22010111 0
22010112 0
22010120 1
22010121 1
22010122 0
22010200 2
22010201 0
22010202 0
22010210 0
22010211 0
22010212 0
22010220 0
22010221 0
22010222 1
22011000 4 COUILLEES
22011001 2
22011002 3 COMMEMORA
22011010 0
22011011 0
22011012 0
22011020 2
22011021 3 CONCEVREZ
22011022 2
22011100 3 COLLATION
22011101 0
22011102 0
22011110 0
22011111 0
22011112 0
22011120 1
22011121 1
22011122 0
22011200 0
22011201 0
22011202 0
22011210 0
22011211 0
22011212 0
22011220 0
22011221 0
22011222 0
22012000 0
22012001 0
22012002 0
22012010 0
22012011 0
22012012 0
22012020 0
22012021 0
22012022 0
22012100 0
22012101 0
22012102 0
22012110 0
22012111 0
22012112 0
22012120 0
22012121 0
22012122 0
22012200 0
22012201 0
22012202 0
22012210 0
22012211 0
22012212 0
22012220 0
22012221 0
22012222 0
22020000 0
22020001 0
22020002 0
22020010 0
22020011 0
22020012 0
22020020 1
22020021 0
22020022 0
22020100 1
22020101 0
22020102 0
22020110 0
22020111 0
22020112 0
22020120 0
22020121 0
22020122 0
22020200 2
22020201 0
22020202 1
22020210 0
22020211 0
22020212 0
22020220 0
22020221 0
22020222 1
22021000 0
22021001 1
22021002 0
22021010 0
22021011 0
22021012 0
22021020 0
22021021 0
22021022 0
22021100 0
22021101 0
22021102 0
22021110 0
22021111 0
22021112 0
22021120 0
22021121 0
22021122 0
22021200 0
22021201 0
22021202 0
22021210 0
22021211 0
22021212 0
22021220 0
22021221 0
22021222 0
22022000 0
22022001 0
22022002 0
22022010 0
22022011 0
22022012 0
22022020 0
22022021 0
22022022 0
22022100 0
22022101 0
22022102 0
22022110 0
22022111 0
22022112 0
22022120 0
22022121 0
22022122 0
22022200 0
22022201 0
22022202 0
22022210 0
22022211 0
22022212 0
22022220 0
22022221 0
22022222 0
22100000 3 CIRCONCIT
22100001 2
22100002 2
22100010 0
22100011 0
22100012 0
22100020 2
22100021 0
22100022 3 CRAMSAMES
22100100 3 CRASSEUSE
22100101 0
22100102 1
22100110 1
22100111 0
22100112 0
22100120 4 CLEBERIEZ
22100121 0
22100122 3 CLAMECEES
22100200 3 COUILLEES
22100201 0
22100202 0
22100210 2
22100211 0
22100212 0
22100220 0
22100221 0
22100222 2
22101000 1
22101001 0
22101002 2
22101010 0
22101011 0
22101012 0
22101020 0
22101021 0
22101022 0
22101100 3 COLLATION
22101101 0
22101102 1
22101110 0
22101111 0
22101112 0
22101120 0
22101121 0
22101122 0
22101200 1
22101201 0
22101202 0
22101210 3 CHAUMERAI
22101211 0
22101212 0
22101220 0
22101221 0
22101222 0
22102000 0
22102001 0
22102002 0
22102010 0
22102011 0
22102012 0
22102020 0
22102021 0
22102022 1
22102100 0
22102101 0
22102102 0
22102110 0
22102111 0
22102112 0
22102120 0
22102121 0
22102122 0
22102200 0
22102201 0
22102202 0
22102210 0
22102211 0
22102212 0
22102220 0
22102221 0
22102222 0
22110000 3 COCHERAIT
22110001 1
22110002 1
22110010 0
22110011 0
22110012 0
22110020 2
22110021 1
22110022 0
22110100 5 CADRERENT
22110101 1
22110102 1
22110110 0
22110111 0
22110112 0
22110120 1
22110121 0
22110122 0
22110200 0
22110201 0
22110202 1
22110210 0
22110211 0
22110212 0
22110220 0
22110221 0
22110222 0
22111000 2
22111001 1
22111002 0
22111010 0
22111011 0
22111012 0
22111020 0
22111021 0
22111022 0
22111100 0
22111101 1
22111102 1
22111110 0
22111111 0
22111112 0
22111120 0
22111121 0
22111122 0
22111200 2
22111201 0
22111202 0
22111210 0
22111211 0
22111212 0
22111220 0
22111221 0
22111222 0
22112000 0
22112001 0
22112002 0
22112010 0
22112011 0
22112012 0
22112020 0
22112021 0
22112022 0
22112100 0
22112101 0
22112102 0
22112110 0
22112111 0
22112112 0
22112120 0
22112121 0
22112122 0
22112200 0
22112201 0
22112202 0
22112210 0
22112211 0
22112212 0
22112220 0
22112221 0
22112222 0
22120000 0
22120001 0
22120002 0
22120010 0
22120011 0
22120012 0
22120020 0
22120021 0
22120022 0
22120100 0
22120101 0
22120102 0
22120110 0
22120111 0
22120112 0
22120120 0
22120121 0
22120122 0
22120200 1
22120201 0
22120202 0
22120210 0
22120211 0
22120212 0
22120220 0
22120221 0
22120222 0
22121000 0
22121001 0
22121002 0
22121010 0
22121011 0
22121012 0
22121020 0
22121021 0
22121022 0
22121100 0
22121101 0
22121102 0
22121110 0
22121111 0
22121112 0
22121120 0
22121121 0
22121122 0
22121200 1
22121201 0
22121202 0
22121210 0
22121211 0
22121212 0
22121220 0
22121221 0
22121222 0
22122000 0
22122001 0
22122002 0
22122010 0
22122011 0
22122012 0
22122020 0
22122021 0
22122022 0
22122100 0
22122101 0
22122102 0
22122110 0
22122111 0
22122112 0
22122120 0
22122121 0
22122122 0
22122200 0
22122201 0
22122202 0
22122210 0
22122211 0
22122212 0
22122220 0
22122221 0
22122222 0
22200000 0
22200001 0
22200002 0
22200010 0
22200011 0
22200012 0
22200020 0
22200021 0
22200022 0
22200100 0
22200101 0
22200102 0
22200110 0
22200111 0
22200112 0
22200120 0
22200121 0
22200122 0
22200200 0
22200201 0
22200202 0
22200210 0
22200211 0
22200212 0
22200220 0
22200221 0
22200222 0
22201000 0
22201001 0
22201002 0
22201010 0
22201011 0
22201012 0
22201020 0
22201021 0
22201022 0
22201100 0
22201101 0
22201102 0
22201110 0
22201111 0
22201112 0
22201120 0
22201121 0
22201122 0
22201200 0
22201201 0
22201202 0
22201210 0
22201211 0
22201212 0
22201220 0
22201221 0
22201222 0
22202000 0
22202001 0
22202002 0
22202010 0
22202011 0
22202012 0
22202020 0
22202021 0
22202022 0
22202100 0
22202101 0
22202102 0
22202110 0
22202111 0
22202112 0
22202120 0
22202121 0
22202122 0
22202200 0
22202201 0
22202202 0
22202210 0
22202211 0
22202212 0
22202220 0
22202221 0
22202222 0
22210000 0
22210001 0
22210002 0
22210010 0
22210011 0
22210012 0
22210020 0
22210021 0
22210022 0
22210100 0
22210101 0
22210102 0
22210110 0
22210111 0
22210112 0
22210120 0
22210121 0
22210122 0
22210200 0
22210201 0
22210202 0
22210210 0
22210211 0
22210212 0
22210220 0
22210221 0
22210222 0
22211000 0
22211001 0
22211002 0
22211010 0
22211011 0
22211012 0
22211020 0
22211021 0
22211022 0
22211100 0
22211101 0
22211102 0
22211110 0
22211111 0
22211112 0
22211120 0
22211121 0
22211122 0
22211200 0
22211201 0
22211202 0
22211210 0
22211211 0
22211212 0
22211220 0
22211221 0
22211222 0
22212000 0
22212001 0
22212002 0
22212010 0
22212011 0
22212012 0
22212020 0
22212021 0
22212022 0
22212100 0
22212101 0
22212102 0
22212110 0
22212111 0
22212112 0
22212120 0
22212121 0
22212122 0
22212200 0
22212201 0
22212202 0
22212210 0
22212211 0
22212212 0
22212220 0
22212221 0
22212222 0
22220000 0
22220001 0
22220002 0
22220010 0
22220011 0
22220012 0
22220020 0
22220021 0
22220022 0
22220100 0
22220101 0
22220102 0
22220110 0
22220111 0
22220112 0
22220120 0
22220121 0
22220122 0
22220200 0
22220201 0
22220202 0
22220210 0
22220211 0
22220212 0
22220220 0
22220221 0
22220222 0
22221000 0
22221001 0
22221002 0
22221010 0
22221011 0
22221012 0
22221020 0
22221021 0
22221022 0
22221100 0
22221101 0
22221102 0
22221110 0
22221111 0
22221112 0
22221120 0
22221121 0
22221122 0
22221200 0
22221201 0
22221202 0
22221210 0
22221211 0
22221212 0
22221220 0
22221221 0
22221222 0
22222000 2
22222001 0
22222002 2
22222010 0
22222011 0
22222012 0
22222020 1
22222021 0
22222022 0
22222100 1
22222101 0
22222102 0
22222110 0
22222111 0
22222112 0
22222120 0
22222121 0
22222122 0
22222200 3 CUISINENT
22222201 0
22222202 0
22222210 0
22222211 0
22222212 0
22222220 0
22222221 0
22222222 1