0000000 0
0000001 0
0000002 1
0000010 0
0000011 0
0000012 0
0000020 0
0000021 1
0000022 14 DEPLOMBA
0000100 2
0000101 0
0000102 1
0000110 0
0000111 0
0000112 0
0000120 0
0000121 1
0000122 13 DROPAMES
0000200 0
0000201 0
0000202 1
0000210 0
0000211 0
0000212 0
0000220 0
0000221 0
0000222 1
0001000 0
0001001 1
0001002 1
0001010 0
0001011 0
0001012 0
0001020 0
0001021 0
0001022 11 DAUBAMES
0001100 1
0001101 0
0001102 1
0001110 0
0001111 0
0001112 0
0001120 2
0001121 1
0001122 6 DIAPHYSE
0001200 2
0001201 0
0001202 1
0001210 0
0001211 0
0001212 0
0001220 0
0001221 0
0001222 0
0002000 0
0002001 0
0002002 0
0002010 0
0002011 0
0002012 0
0002020 0
0002021 0
0002022 0
0002100 0
0002101 0
0002102 0
0002110 0
0002111 0
0002112 0
0002120 0
0002121 0
0002122 0
0002200 0
0002201 0
0002202 0
0002210 0
0002211 0
0002212 0
0002220 0
0002221 0
0002222 0
0010000 12 DECLARAI
0010001 10 DIPLOMAI
0010002 14 DAUBASSE
0010010 0
0010011 0
0010012 0
0010020 6 DEVALEES
0010021 5 DECUSSES
0010022 20 DUALISME
0010100 3 DORLOTAT
0010101 2
0010102 13 DECLOUAI
0010110 0
0010111 0
0010112 0
0010120 13 DOUBLEUR
0010121 5 DECUSSES
0010122 8 DORLOTAT
0010200 4 DORLOTAT
0010201 1
0010202 5 DEBOUCLA
0010210 0
0010211 0
0010212 0
0010220 3 DORLOTAT
0010221 0
0010222 2
0011000 6 DECLAMEE
0011001 11 DESSAPAI
0011002 3 DESPOTES
0011010 0
0011011 0
0011012 0
0011020 0
0011021 2
0011022 14 DECLOUAI
0011100 10 DECLOUAI
0011101 5 DORLOTAT
0011102 2
0011110 0
0011111 0
0011112 0
0011120 0
0011121 2
0011122 5 DORLOTAT
0011200 0
0011201 2
0011202 1
0011210 0
0011211 0
0011212 0
0011220 0
0011221 0
0011222 1
0012000 3 DOMINANT
0012001 0
0012002 4 DECLAMEE
0012010 0
0012011 0
0012012 0
0012020 3 DEMODIEZ
0012021 0
0012022 0
0012100 0
0012101 0
0012102 1
0012110 0
0012111 0
0012112 0
0012120 1
0012121 0
0012122 0
0012200 0
0012201 0
0012202 0
0012210 0
0012211 0
0012212 0
0012220 0
0012221 0
0012222 1
0020000 1
0020001 0
0020002 3 DEVALEES
0020010 0
0020011 0
0020012 0
0020020 1
0020021 1
0020022 5 DIAPAUSE
0020100 0
0020101 0
0020102 1
0020110 0
0020111 0
0020112 0
0020120 3 DIAMINES
0020121 0
0020122 4 DORLOTAT
0020200 0
0020201 0
0020202 0
0020210 0
0020211 0
0020212 0
0020220 0
0020221 0
0020222 0
0021000 1
0021001 1
0021002 0
0021010 0
0021011 0
0021012 0
0021020 1
0021021 0
0021022 1
0021100 1
0021101 0
0021102 0
0021110 0
0021111 0
0021112 0
0021120 0
0021121 0
0021122 0
0021200 0
0021201 0
0021202 0
0021210 0
0021211 0
0021212 0
0021220 0
0021221 0
0021222 0
0022000 1
0022001 0
0022002 0
0022010 0
0022011 0
0022012 0
0022020 0
0022021 0
0022022 0
0022100 0
0022101 1
0022102 0
0022110 0
0022111 0
0022112 0
0022120 1
0022121 0
0022122 0
0022200 0
0022201 0
0022202 0
0022210 0
0022211 0
0022212 0
0022220 0
0022221 0
0022222 0
0100000 0
0100001 0
0100002 2
0100010 0
0100011 0
0100012 0
0100020 0
0100021 0
0100022 3 DESAMEES
0100100 1
0100101 0
0100102 4 DEJEUNAS
0100110 0
0100111 0
0100112 0
0100120 0
0100121 0
0100122 2
0100200 0
0100201 0
0100202 0
0100210 0
0100211 0
0100212 0
0100220 0
0100221 0
0100222 0
0101000 3 DOUBLONS
0101001 0
0101002 0
0101010 0
0101011 0
0101012 0
0101020 0
0101021 0
0101022 2
0101100 3 DOUBLONS
0101101 1
0101102 1
0101110 0
0101111 0
0101112 0
0101120 0
0101121 0
0101122 0
0101200 0
0101201 0
0101202 0
0101210 0
0101211 0
0101212 0
0101220 0
0101221 0
0101222 0
0102000 1
0102001 0
0102002 1
0102010 0
0102011 0
0102012 0
0102020 0
0102021 0
0102022 0
0102100 0
0102101 0
0102102 0
0102110 0
0102111 0
0102112 0
0102120 0
0102121 0
0102122 0
0102200 0
0102201 0
0102202 0
0102210 0
0102211 0
0102212 0
0102220 0
0102221 0
0102222 0
0110000 3 DECLAMEE
0110001 2
0110002 18 DAGUIONS
0110010 0
0110011 0
0110012 0
0110020 2
0110021 1
0110022 10 DUALISME
0110100 1
0110101 0
0110102 11 DRAPELLE
0110110 0
0110111 0
0110112 0
0110120 1
0110121 1
0110122 1
0110200 0
0110201 0
0110202 0
0110210 0
0110211 0
0110212 0
0110220 0
0110221 0
0110222 0
0111000 5 DIAMINES
0111001 6 DIPLOMAI
0111002 5 DECLAMEE
0111010 0
0111011 0
0111012 0
0111020 0
0111021 0
0111022 1
0111100 3 DROLETTE
0111101 0
0111102 0
0111110 0
0111111 0
0111112 0
0111120 0
0111121 0
0111122 0
0111200 0
0111201 0
0111202 0
0111210 0
0111211 0
0111212 0
0111220 0
0111221 0
0111222 0
0112000 6 DORLOTAT
0112001 0
0112002 2
0112010 0
0112011 0
0112012 0
0112020 0
0112021 0
0112022 0
0112100 0
0112101 0
0112102 0
0112110 0
0112111 0
0112112 0
0112120 0
0112121 0
0112122 0
0112200 0
0112201 0
0112202 0
0112210 0
0112211 0
0112212 0
0112220 0
0112221 0
0112222 0
0120000 2
0120001 2
0120002 4 DORLOTAT
0120010 0
0120011 0
0120012 0
0120020 2
0120021 0
0120022 1
0120100 1
0120101 0
0120102 3 DAUBAMES
0120110 0
0120111 0
0120112 0
0120120 2
0120121 0
0120122 0
0120200 0
0120201 0
0120202 0
0120210 0
0120211 0
0120212 0
0120220 0
0120221 0
0120222 0
0121000 3 DEPILAIS
0121001 1
0121002 0
0121010 0
0121011 0
0121012 0
0121020 0
0121021 0
0121022 0
0121100 3 DOMINANT
0121101 0
0121102 0
0121110 0
0121111 0
0121112 0
0121120 0
0121121 0
0121122 0
0121200 0
0121201 0
0121202 0
0121210 0
0121211 0
0121212 0
0121220 0
0121221 0
0121222 0
0122000 0
0122001 0
0122002 0
0122010 0
0122011 0
0122012 0
0122020 0
0122021 0
0122022 0
0122100 0
0122101 0
0122102 0
0122110 0
0122111 0
0122112 0
0122120 0
0122121 0
0122122 0
0122200 0
0122201 0
0122202 0
0122210 0
0122211 0
0122212 0
0122220 0
0122221 0
0122222 0
0200000 0
0200001 0
0200002 1
0200010 0
0200011 0
0200012 0
0200020 0
0200021 0
0200022 2
0200100 0
0200101 0
0200102 0
0200110 0
0200111 0
0200112 0
0200120 0
0200121 0
0200122 0
0200200 0
0200201 0
0200202 0
0200210 0
0200211 0
0200212 0
0200220 0
0200221 0
0200222 0
0201000 0
0201001 2
0201002 2
0201010 0
0201011 0
0201012 0
0201020 0
0201021 1
0201022 4 DESSABLA
0201100 0
0201101 0
0201102 0
0201110 0
0201111 0
0201112 0
0201120 0
0201121 1
0201122 0
0201200 0
0201201 0
0201202 0
0201210 0
0201211 0
0201212 0
0201220 0
0201221 0
0201222 0
0202000 0
0202001 0
0202002 0
0202010 0
0202011 0
0202012 0
0202020 0
0202021 0
0202022 0
0202100 0
0202101 0
0202102 0
0202110 0
0202111 0
0202112 0
0202120 0
0202121 0
0202122 0
0202200 0
0202201 0
0202202 0
0202210 0
0202211 0
0202212 0
0202220 0
0202221 0
0202222 0
0210000 2
0210001 1
0210002 6 DIPLOMAI
0210010 0
0210011 0
0210012 0
0210020 3 DEPUTIEZ
0210021 0
0210022 6 DIAPASON
0210100 0
0210101 0
0210102 1
0210110 0
0210111 0
0210112 0
0210120 1
0210121 0
0210122 0
0210200 0
0210201 0
0210202 0
0210210 0
0210211 0
0210212 0
0210220 0
0210221 0
0210222 1
0211000 4 DEGREAIT
0211001 1
0211002 0
0211010 0
0211011 0
0211012 0
0211020 0
0211021 0
0211022 0
0211100 0
0211101 0
0211102 0
0211110 0
0211111 0
0211112 0
0211120 0
0211121 0
0211122 0
0211200 0
0211201 0
0211202 0
0211210 0
0211211 0
0211212 0
0211220 0
0211221 0
0211222 0
0212000 1
0212001 0
0212002 0
0212010 0
0212011 0
0212012 0
0212020 0
0212021 0
0212022 0
0212100 0
0212101 0
0212102 0
0212110 0
0212111 0
0212112 0
0212120 0
0212121 0
0212122 0
0212200 0
0212201 0
0212202 0
0212210 0
0212211 0
0212212 0
0212220 0
0212221 0
0212222 0
0220000 0
0220001 0
0220002 0
0220010 0
0220011 0
0220012 0
0220020 0
0220021 0
0220022 0
0220100 0
0220101 0
0220102 0
0220110 0
0220111 0
0220112 0
0220120 0
0220121 0
0220122 0
0220200 0
0220201 0
0220202 0
0220210 0
0220211 0
0220212 0
0220220 0
0220221 0
0220222 0
0221000 0
0221001 0
0221002 0
0221010 0
0221011 0
0221012 0
0221020 0
0221021 0
0221022 0
0221100 0
0221101 0
0221102 0
0221110 0
0221111 0
0221112 0
0221120 0
0221121 0
0221122 0
0221200 0
0221201 0
0221202 0
0221210 0
0221211 0
0221212 0
0221220 0
0221221 0
0221222 0
0222000 0
0222001 0
0222002 0
0222010 0
0222011 0
0222012 0
0222020 0
0222021 0
0222022 0
0222100 0
0222101 0
0222102 0
0222110 0
0222111 0
0222112 0
0222120 0
0222121 0
0222122 0
0222200 0
0222201 0
0222202 0
0222210 0
0222211 0
0222212 0
0222220 0
0222221 0
0222222 0
1000000 3 DORLOTAT
1000001 4 DEPUTONS
1000002 1
1000010 1
1000011 3 DECLAMEE
1000012 0
1000020 2
1000021 1
1000022 8 DECOULAI
1000100 12 DOUBLEAU
1000101 6 DIAPHYSE
1000102 8 DEBOUCLA
1000110 2
1000111 5 DERATENT
1000112 0
1000120 5 DEJEUNER
1000121 0
1000122 6 DROPASSE
1000200 0
1000201 0
1000202 10 DIAPAUSE
1000210 0
1000211 0
1000212 0
1000220 9 DAUPHINE
1000221 0
1000222 0
1001000 1
1001001 1
1001002 1
1001010 2
1001011 1
1001012 0
1001020 0
1001021 0
1001022 1
1001100 3 DOMINANT
1001101 1
1001102 3 DOUBLONS
1001110 2
1001111 0
1001112 0
1001120 1
1001121 0
1001122 0
1001200 0
1001201 0
1001202 1
1001210 0
1001211 0
1001212 0
1001220 1
1001221 1
1001222 0
1002000 1
1002001 0
1002002 0
1002010 1
1002011 0
1002012 0
1002020 0
1002021 0
1002022 4 DESPOTES
1002100 2
1002101 0
1002102 0
1002110 1
1002111 0
1002112 0
1002120 0
1002121 0
1002122 0
1002200 0
1002201 0
1002202 0
1002210 0
1002211 0
1002212 0
1002220 0
1002221 0
1002222 0
1010000 12 DIPLOPIE
1010001 23 DISCULPA
1010002 1
1010010 3 DORLOTAT
1010011 4 DECLAMEE
1010012 0
1010020 3 DECLAMEE
1010021 6 DEBOUCLA
1010022 6 DECLAMEE
1010100 19 DIPLOURE
1010101 11 DECROISA
1010102 13 DIPLOMAI
1010110 5 DEMODULA
1010111 3 DROLETTE
1010112 0
1010120 13 DIAPRURE
1010121 2
1010122 9 DIPLEGIE
1010200 13 DIALOGUA
1010201 3 DESPOTES
1010202 3 DEVALEES
1010210 2
1010211 2
1010212 1
1010220 5 DIAPRURE
1010221 1
1010222 1
1011000 5 DORLOTAT
1011001 12 DOUCATRE
1011002 0
1011010 1
1011011 1
1011012 0
1011020 1
1011021 2
1011022 3 DECLAMEE
1011100 14 DEROUTAT
1011101 5 DESPOTES
1011102 5 DORLOTAT
1011110 3 DELESTER
1011111 1
1011112 0
1011120 2
1011121 0
1011122 3 DESPOTES
1011200 3 DORLOTAT
1011201 2
1011202 1
1011210 0
1011211 1
1011212 0
1011220 1
1011221 0
1011222 1
1012000 3 DEGREAIS
1012001 3 DIPLOMAI
1012002 1
1012010 1
1012011 1
1012012 0
1012020 1
1012021 0
1012022 4 DESPOTES
1012100 3 DERATENT
1012101 0
1012102 1
1012110 0
1012111 0
1012112 1
1012120 0
1012121 0
1012122 0
1012200 1
1012201 0
1012202 0
1012210 0
1012211 0
1012212 0
1012220 0
1012221 0
1012222 0
1020000 2
1020001 0
1020002 0
1020010 0
1020011 0
1020012 0
1020020 0
1020021 0
1020022 2
1020100 3 DIPLOMAI
1020101 2
1020102 1
1020110 0
1020111 0
1020112 0
1020120 0
1020121 0
1020122 2
1020200 1
1020201 0
1020202 1
1020210 0
1020211 0
1020212 0
1020220 1
1020221 0
1020222 0
1021000 1
1021001 0
1021002 0
1021010 0
1021011 0
1021012 0
1021020 0
1021021 0
1021022 0
1021100 1
1021101 0
1021102 0
1021110 0
1021111 0
1021112 0
1021120 0
1021121 0
1021122 0
1021200 0
1021201 0
1021202 0
1021210 0
1021211 0
1021212 0
1021220 0
1021221 0
1021222 0
1022000 1
1022001 0
1022002 0
1022010 0
1022011 0
1022012 0
1022020 0
1022021 0
1022022 1
1022100 1
1022101 1
1022102 0
1022110 0
1022111 0
1022112 0
1022120 0
1022121 0
1022122 0
1022200 0
1022201 0
1022202 0
1022210 0
1022211 0
1022212 0
1022220 0
1022221 0
1022222 0
1100000 4 DORLOTAT
1100001 1
1100002 0
1100010 1
1100011 0
1100012 0
1100020 1
1100021 0
1100022 2
1100100 3 DORLOTAT
1100101 0
1100102 11 DEREGULA
1100110 0
1100111 0
1100112 0
1100120 0
1100121 0
1100122 0
1100200 0
1100201 0
1100202 1
1100210 0
1100211 0
1100212 0
1100220 1
1100221 0
1100222 0
1101000 3 DECLAMEE
1101001 0
1101002 0
1101010 0
1101011 0
1101012 0
1101020 0
1101021 0
1101022 1
1101100 11 DORLOTAT
1101101 3 DORLOTAT
1101102 3 DESAMEES
1101110 9 DORLOTAT
1101111 2
1101112 0
1101120 0
1101121 0
1101122 0
1101200 0
1101201 0
1101202 0
1101210 0
1101211 0
1101212 0
1101220 0
1101221 0
1101222 0
1102000 2
1102001 0
1102002 1
1102010 1
1102011 0
1102012 0
1102020 0
1102021 0
1102022 0
1102100 0
1102101 0
1102102 0
1102110 0
1102111 0
1102112 0
1102120 0
1102121 0
1102122 0
1102200 0
1102201 0
1102202 0
1102210 0
1102211 0
1102212 0
1102220 0
1102221 0
1102222 0
1110000 8 DEBOUCLA
1110001 2
1110002 1
1110010 1
1110011 1
1110012 0
1110020 2
1110021 0
1110022 2
1110100 2
1110101 1
1110102 1
1110110 0
1110111 0
1110112 0
1110120 0
1110121 0
1110122 0
1110200 1
1110201 1
1110202 0
1110210 0
1110211 1
1110212 0
1110220 0
1110221 0
1110222 0
1111000 10 DOMANIAL
1111001 7 DORLOTAT
1111002 1
1111010 0
1111011 2
1111012 0
1111020 0
1111021 0
1111022 0
1111100 9 DIALOGUA
1111101 1
1111102 0
1111110 1
1111111 0
1111112 0
1111120 0
1111121 0
1111122 0
1111200 0
1111201 0
1111202 0
1111210 0
1111211 0
1111212 0
1111220 0
1111221 0
1111222 0
1112000 2
1112001 0
1112002 0
1112010 0
1112011 0
1112012 0
1112020 0
1112021 0
1112022 0
1112100 0
1112101 0
1112102 0
1112110 0
1112111 0
1112112 0
1112120 0
1112121 0
1112122 0
1112200 0
1112201 0
1112202 0
1112210 0
1112211 0
1112212 0
1112220 0
1112221 0
1112222 0
1120000 0
1120001 2
1120002 0
1120010 1
1120011 0
1120012 0
1120020 1
1120021 0
1120022 1
1120100 4 DESQUAMA
1120101 1
1120102 0
1120110 1
1120111 0
1120112 0
1120120 0
1120121 0
1120122 1
1120200 0
1120201 0
1120202 0
1120210 0
1120211 0
1120212 0
1120220 0
1120221 0
1120222 0
1121000 4 DEVALEES
1121001 1
1121002 0
1121010 0
1121011 0
1121012 0
1121020 0
1121021 0
1121022 0
1121100 3 DECLAMEE
1121101 0
1121102 0
1121110 0
1121111 0
1121112 0
1121120 0
1121121 0
1121122 0
1121200 0
1121201 0
1121202 0
1121210 0
1121211 0
1121212 0
1121220 0
1121221 0
1121222 0
1122000 0
1122001 0
1122002 0
1122010 0
1122011 0
1122012 0
1122020 0
1122021 0
1122022 0
1122100 0
1122101 0
1122102 0
1122110 0
1122111 0
1122112 0
1122120 0
1122121 0
1122122 0
1122200 0
1122201 0
1122202 0
1122210 0
1122211 0
1122212 0
1122220 0
1122221 0
1122222 0
1200000 2
1200001 4 DEBOUDAI
1200002 0
1200010 1
1200011 2
1200012 0
1200020 0
1200021 0
1200022 0
1200100 0
1200101 0
1200102 2
1200110 0
1200111 0
1200112 0
1200120 0
1200121 0
1200122 0
1200200 0
1200201 0
1200202 2
1200210 0
1200211 0
1200212 0
1200220 1
1200221 1
1200222 0
1201000 0
1201001 2
1201002 0
1201010 0
1201011 0
1201012 0
1201020 0
1201021 0
1201022 0
1201100 0
1201101 0
1201102 0
1201110 0
1201111 0
1201112 0
1201120 0
1201121 0
1201122 0
1201200 0
1201201 0
1201202 0
1201210 0
1201211 0
1201212 0
1201220 0
1201221 0
1201222 0
1202000 0
1202001 0
1202002 0
1202010 0
1202011 0
1202012 0
1202020 0
1202021 0
1202022 1
1202100 1
1202101 0
1202102 0
1202110 0
1202111 0
1202112 0
1202120 0
1202121 0
1202122 0
1202200 0
1202201 0
1202202 0
1202210 0
1202211 0
1202212 0
1202220 0
1202221 0
1202222 0
1210000 2
1210001 1
1210002 0
1210010 0
1210011 0
1210012 0
1210020 1
1210021 0
1210022 1
1210100 1
1210101 0
1210102 2
1210110 0
1210111 0
1210112 0
1210120 1
1210121 0
1210122 0
1210200 1
1210201 1
1210202 0
1210210 1
1210211 0
1210212 0
1210220 0
1210221 0
1210222 0
1211000 3 DEVALEES
1211001 1
1211002 0
1211010 0
1211011 0
1211012 0
1211020 0
1211021 0
1211022 0
1211100 2
1211101 0
1211102 0
1211110 1
1211111 0
1211112 0
1211120 0
1211121 0
1211122 0
1211200 0
1211201 0
1211202 0
1211210 0
1211211 0
1211212 0
1211220 0
1211221 0
1211222 0
1212000 0
1212001 0
1212002 0
1212010 0
1212011 0
1212012 0
1212020 0
1212021 0
1212022 1
1212100 0
1212101 0
1212102 0
1212110 0
1212111 0
1212112 0
1212120 0
1212121 0
1212122 0
1212200 0
1212201 0
1212202 0
1212210 0
1212211 0
1212212 0
1212220 0
1212221 0
1212222 0
1220000 0
1220001 0
1220002 0
1220010 1
1220011 0
1220012 0
1220020 0
1220021 0
1220022 0
1220100 0
1220101 0
1220102 0
1220110 0
1220111 0
1220112 0
1220120 0
1220121 0
1220122 0
1220200 0
1220201 0
1220202 0
1220210 0
1220211 0
1220212 0
1220220 0
1220221 0
1220222 0
1221000 0
1221001 0
1221002 0
1221010 0
1221011 0
1221012 0
1221020 0
1221021 0
1221022 0
1221100 0
1221101 0
1221102 0
1221110 0
1221111 0
1221112 0
1221120 0
1221121 0
1221122 0
1221200 0
1221201 0
1221202 0
1221210 0
1221211 0
1221212 0
1221220 0
1221221 0
1221222 0
1222000 0
1222001 0
1222002 0
1222010 0
1222011 0
1222012 0
1222020 0
1222021 0
1222022 0
1222100 0
1222101 0
1222102 0
1222110 0
1222111 0
1222112 0
1222120 0
1222121 0
1222122 0
1222200 0
1222201 0
1222202 0
1222210 0
1222211 0
1222212 0
1222220 0
1222221 0
1222222 0
2000000 18 DEBOUCLA
2000001 12 DOSABLES
2000002 45 DECLOUAI
2000010 44 DECOUPLA
2000011 29 DELASSEE
2000012 8 DESQUELS
2000020 73 DECLOUEE
2000021 24 DECLASSE
2000022 89 DEPUCELA
2000100 14 DEBOUCLA
2000101 4 DEBOUCLA
2000102 22 DEFORCAI
2000110 88 DECOUPLA
2000111 16 DESQUAMA
2000112 10 DEGELONS
2000120 122 DOUBLAGE
2000121 23 DECLASSE
2000122 48 DEMERGEA
2000200 5 DAUBEURS
2000201 1
2000202 9 DEMARCHA
2000210 5 DOUBLURE
2000211 6 DAUBEURS
2000212 6 DUCHESSE
2000220 34 DELECTEZ
2000221 3 DROPEREZ
2000222 11 DECLAMEE
2001000 43 DEBOUCLA
2001001 14 DOPASSES
2001002 7 DEBOUCLA
2001010 14 DETALENT
2001011 4 DORLOTAT
2001012 6 DESSABLA
2001020 19 DEBACLEE
2001021 8 DESILAGE
2001022 23 DEBACLEE
2001100 30 DEFORCAI
2001101 4 DECLAMEE
2001102 4 DORLOTAT
2001110 30 DEGROUPA
2001111 8 DORLOTAT
2001112 2
2001120 24 DETERREZ
2001121 7 DESSALEE
2001122 9 DETROQUA
2001200 9 DEPLOMBA
2001201 0
2001202 1
2001210 3 DETORDES
2001211 2
2001212 2
2001220 7 DOUZAINE
2001221 0
2001222 3 DEBOUCLA
2002000 4 DEGAUCHI
2002001 0
2002002 5 DEBROCHA
2002010 4 DROLETTE
2002011 2
2002012 0
2002020 11 DOUBLAGE
2002021 0
2002022 18 DOUBLEAU
2002100 1
2002101 0
2002102 0
2002110 14 DEAMBULA
2002111 0
2002112 1
2002120 4 DEHALAGE
2002121 0
2002122 1
2002200 0
2002201 0
2002202 0
2002210 1
2002211 0
2002212 1
2002220 3 DROPEREZ
2002221 0
2002222 1
2010000 42 DECOULAI
2010001 23 DESALPAS
2010002 37 DECAVOLT
2010010 17 DEPUCELA
2010011 11 DECLIPSA
2010012 8 DECLAMEE
2010020 34 DECAVOLT
2010021 16 DECUVAGE
2010022 18 DECOLERA
2010100 37 DILAPIDA
2010101 9 DEGROUPA
2010102 30 DECAMPAI
2010110 39 DECELERA
2010111 5 DESPOTES
2010112 4 DEGREAIS
2010120 37 DEMORDRA
2010121 14 DEGREVER
2010122 13 DECRISPE
2010200 14 DEBAUCHA
2010201 1
2010202 4 DAURADES
2010210 7 DUCHESSE
2010211 2
2010212 0
2010220 6 DUCROIRE
2010221 0
2010222 2
2011000 39 DEVALUAT
2011001 16 DEPLUMAI
2011002 5 DELOGEAI
2011010 17 DELECTAT
2011011 5 DORLOTAT
2011012 1
2011020 7 DECLINEE
2011021 0
2011022 6 DEMODULA
2011100 33 DECORDAT
2011101 4 DEFRIPAI
2011102 6 DORLOTAT
2011110 11 DOTERAIT
2011111 3 DECLAMEE
2011112 0
2011120 2
2011121 1
2011122 3 DECLAMEE
2011200 2
2011201 0
2011202 0
2011210 1
2011211 1
2011212 0
2011220 0
2011221 0
2011222 0
2012000 15 DOUBLAGE
2012001 1
2012002 9 DOUBLAGE
2012010 4 DEVALEES
2012011 1
2012012 2
2012020 10 DEBOUCLA
2012021 0
2012022 2
2012100 4 DERACINA
2012101 1
2012102 1
2012110 1
2012111 1
2012112 0
2012120 1
2012121 0
2012122 0
2012200 1
2012201 0
2012202 0
2012210 2
2012211 0
2012212 0
2012220 0
2012221 0
2012222 0
2020000 7 DIPLOMAI
2020001 2
2020002 15 DECIDUAL
2020010 14 DECAPAGE
2020011 7 DEFILADE
2020012 2
2020020 14 DULCIFIE
2020021 6 DEVALIDE
2020022 20 DEFICELA
2020100 4 DECLAMEE
2020101 0
2020102 6 DARDASSE
2020110 19 DEVALIDA
2020111 4 DESQUAMA
2020112 0
2020120 9 DELARDEZ
2020121 3 DEPILAIS
2020122 4 DEVALIDA
2020200 4 DILUTIFS
2020201 0
2020202 4 DELOGEAI
2020210 5 DEFILADE
2020211 0
2020212 4 DEVALIDA
2020220 13 DEFERLEZ
2020221 0
2020222 3 DEVALEES
2021000 14 DULCIFIA
2021001 10 DEVISSAT
2021002 5 DESSAISI
2021010 5 DEVALEES
2021011 0
2021012 0
2021020 0
2021021 6 DESSABLE
2021022 7 DESENFLA
2021100 6 DIEDRALE
2021101 1
2021102 1
2021110 2
2021111 0
2021112 0
2021120 1
2021121 3 DESPOTES
2021122 1
2021200 3 DEGELENT
2021201 0
2021202 0
2021210 0
2021211 0
2021212 0
2021220 0
2021221 0
2021222 0
2022000 4 DEPINGLA
2022001 0
2022002 4 DEPINGLA
2022010 2
2022011 0
2022012 0
2022020 4 DEPINGLA
2022021 0
2022022 4 DEPINGLA
2022100 0
2022101 0
2022102 0
2022110 5 DOUBLAGE
2022111 0
2022112 0
2022120 0
2022121 0
2022122 0
2022200 0
2022201 0
2022202 0
2022210 0
2022211 0
2022212 0
2022220 0
2022221 0
2022222 0
2100000 5 DECLAMEE
2100001 0
2100002 34 DECAVOLT
2100010 12 DOMPTAGE
2100011 4 DESHUILA
2100012 13 DECAPOLE
2100020 23 DECAPAGE
2100021 2
2100022 19 DECAPODE
2100100 1
2100101 0
2100102 16 DEMORDRA
2100110 9 DEPECAGE
2100111 2
2100112 5 DEGREAIS
2100120 25 DEZONAGE
2100121 1
2100122 4 DECLAMEE
2100200 2
2100201 0
2100202 0
2100210 2
2100211 0
2100212 1
2100220 3 DERAYURE
2100221 0
2100222 1
2101000 38 DECALAGE
2101001 6 DESEMPLI
2101002 9 DEGLACAI
2101010 50 DELECTAT
2101011 8 DIPLOMAI
2101012 4 DOUBLONS
2101020 14 DORMANCE
2101021 0
2101022 13 DOUCATRE
2101100 17 DECORDAT
2101101 1
2101102 1
2101110 30 DECORDAT
2101111 1
2101112 0
2101120 9 DEGREERA
2101121 0
2101122 1
2101200 1
2101201 0
2101202 0
2101210 3 DEGREAIS
2101211 0
2101212 0
2101220 0
2101221 0
2101222 0
2102000 8 DEBOUCLA
2102001 0
2102002 8 DISCULPA
2102010 11 DOUBLAGE
2102011 0
2102012 2
2102020 0
2102021 0
2102022 0
2102100 1
2102101 0
2102102 1
2102110 1
2102111 0
2102112 0
2102120 0
2102121 0
2102122 0
2102200 0
2102201 0
2102202 0
2102210 0
2102211 0
2102212 0
2102220 0
2102221 0
2102222 0
2110000 16 DEGLACAI
2110001 5 DESTITUE
2110002 10 DEHALANT
2110010 9 DORMANCE
2110011 4 DECLAMEE
2110012 5 DOMPTAIS
2110020 9 DECLAMEE
2110021 2
2110022 8 DESSILLA
2110100 7 DIAPRAIS
2110101 2
2110102 3 DECLAMEE
2110110 7 DEPECAGE
2110111 0
2110112 3 DIAMINES
2110120 3 DECLAMEE
2110121 1
2110122 0
2110200 0
2110201 0
2110202 0
2110210 1
2110211 0
2110212 0
2110220 0
2110221 0
2110222 0
2111000 14 DEGAINAI
2111001 3 DORLOTAT
2111002 2
2111010 20 DOMPTANT
2111011 0
2111012 5 DEMONTAT
2111020 2
2111021 2
2111022 1
2111100 3 DEGREAIS
2111101 0
2111102 0
2111110 5 DECLAMEE
2111111 0
2111112 0
2111120 0
2111121 1
2111122 0
2111200 0
2111201 0
2111202 0
2111210 0
2111211 0
2111212 0
2111220 0
2111221 0
2111222 0
2112000 2
2112001 0
2112002 0
2112010 1
2112011 0
2112012 0
2112020 0
2112021 0
2112022 0
2112100 0
2112101 0
2112102 0
2112110 0
2112111 0
2112112 0
2112120 0
2112121 0
2112122 0
2112200 0
2112201 0
2112202 0
2112210 0
2112211 0
2112212 0
2112220 0
2112221 0
2112222 0
2120000 3 DEPILAIS
2120001 2
2120002 19 DEVIDAIS
2120010 8 DOMPTAGE
2120011 1
2120012 1
2120020 7 DEMONISE
2120021 2
2120022 8 DOMANIAL
2120100 1
2120101 1
2120102 6 DEVALIDA
2120110 6 DOBERMAN
2120111 0
2120112 0
2120120 2
2120121 1
2120122 0
2120200 0
2120201 0
2120202 0
2120210 0
2120211 0
2120212 0
2120220 0
2120221 0
2120222 0
2121000 12 DILUVIUM
2121001 4 DERADAIS
2121002 2
2121010 13 DEVANCAT
2121011 3 DEMODONS
2121012 0
2121020 0
2121021 0
2121022 3 DORLOTAT
2121100 7 DEVOLTAT
2121101 1
2121102 1
2121110 9 DEVALIDE
2121111 1
2121112 0
2121120 0
2121121 0
2121122 0
2121200 0
2121201 0
2121202 0
2121210 0
2121211 0
2121212 0
2121220 0
2121221 0
2121222 0
2122000 4 DOUBLAGE
2122001 0
2122002 4 DEPINGLA
2122010 4 DEPINGLA
2122011 0
2122012 0
2122020 0
2122021 0
2122022 0
2122100 0
2122101 0
2122102 0
2122110 0
2122111 0
2122112 0
2122120 0
2122121 0
2122122 0
2122200 0
2122201 0
2122202 0
2122210 0
2122211 0
2122212 0
2122220 0
2122221 0
2122222 0
2200000 0
2200001 0
2200002 5 DESQUAMA
2200010 3 DORLOTAT
2200011 1
2200012 0
2200020 4 DENOMMEZ
2200021 0
2200022 7 DECLOUEE
2200100 1
2200101 0
2200102 0
2200110 3 DEMODIEZ
2200111 0
2200112 1
2200120 5 DORMIREZ
2200121 0
2200122 1
2200200 0
2200201 0
2200202 0
2200210 0
2200211 0
2200212 1
2200220 1
2200221 0
2200222 0
2201000 5 DESQUAMA
2201001 0
2201002 0
2201010 4 DORLOTAT
2201011 0
2201012 1
2201020 2
2201021 0
2201022 4 DECLAMEE
2201100 0
2201101 0
2201102 0
2201110 1
2201111 0
2201112 0
2201120 1
2201121 0
2201122 0
2201200 0
2201201 0
2201202 0
2201210 0
2201211 0
2201212 0
2201220 0
2201221 0
2201222 1
2202000 2
2202001 0
2202002 2
2202010 1
2202011 0
2202012 0
2202020 2
2202021 0
2202022 2
2202100 1
2202101 0
2202102 0
2202110 2
2202111 0
2202112 0
2202120 1
2202121 0
2202122 0
2202200 0
2202201 0
2202202 0
2202210 0
2202211 0
2202212 0
2202220 0
2202221 0
2202222 0
2210000 2
2210001 1
2210002 4 DOUBLONS
2210010 0
2210011 1
2210012 0
2210020 6 DECUVAGE
2210021 0
2210022 1
2210100 0
2210101 0
2210102 0
2210110 2
2210111 0
2210112 0
2210120 1
2210121 0
2210122 0
2210200 0
2210201 0
2210202 0
2210210 1
2210211 0
2210212 0
2210220 0
2210221 0
2210222 0
2211000 4 DEBOUCLA
2211001 0
2211002 1
2211010 3 DECLAMEE
2211011 1
2211012 0
2211020 0
2211021 0
2211022 2
2211100 1
2211101 0
2211102 0
2211110 2
2211111 0
2211112 1
2211120 0
2211121 0
2211122 0
2211200 0
2211201 0
2211202 0
2211210 0
2211211 0
2211212 0
2211220 0
2211221 0
2211222 0
2212000 2
2212001 0
2212002 1
2212010 0
2212011 0
2212012 0
2212020 1
2212021 0
2212022 0
2212100 0
2212101 0
2212102 0
2212110 0
2212111 0
2212112 0
2212120 0
2212121 0
2212122 0
2212200 0
2212201 0
2212202 1
2212210 1
2212211 0
2212212 0
2212220 0
2212221 0
2212222 0
2220000 1
2220001 1
2220002 2
2220010 2
2220011 2
2220012 0
2220020 2
2220021 0
2220022 2
2220100 0
2220101 0
2220102 0
2220110 0
2220111 0
2220112 0
2220120 1
2220121 0
2220122 0
2220200 1
2220201 0
2220202 1
2220210 1
2220211 0
2220212 1
2220220 4 DEGREERA
2220221 0
2220222 1
2221000 1
2221001 0
2221002 0
2221010 0
2221011 0
2221012 0
2221020 0
2221021 0
2221022 1
2221100 0
2221101 0
2221102 0
2221110 0
2221111 0
2221112 0
2221120 0
2221121 0
2221122 0
2221200 1
2221201 0
2221202 0
2221210 0
2221211 0
2221212 0
2221220 0
2221221 0
2221222 0
2222000 0
2222001 0
2222002 0
2222010 0
2222011 0
2222012 0
2222020 0
2222021 0
2222022 0
2222100 0
2222101 0
2222102 0
2222110 0
2222111 0
2222112 0
2222120 0
2222121 0
2222122 0
2222200 2
2222201 0
2222202 1
2222210 0
2222211 0
2222212 0
2222220 3 DEGREERA
2222221 0
2222222 1