00000 5 DUMDUM
00001 18 DOUTAT
00002 5 DATCHA
00010 0
00011 10 DROPAT
00012 4 DHARMA
00020 0
00021 0
00022 1
00100 7 DINDON
00101 25 DALTON
00102 5 DAIGNA
00110 7 DURCIT
00111 12 DIAPIR
00112 2
00120 0
00121 0
00122 1
00200 2
00201 1
00202 1
00210 1
00211 1
00212 2
00220 0
00221 0
00222 0
01000 7 DEPLUT
01001 17 DOUMAS
01002 0
01010 4 DORONS
01011 9 DROPAT
01012 1
01020 0
01021 1
01022 0
01100 10 DONNAT
01101 15 DOPANT
01102 1
01110 6 DIRONS
01111 4 DIRCOM
01112 0
01120 1
01121 1
01122 0
01200 3 DIGITS
01201 1
01202 1
01210 3 DORINS
01211 1
01212 0
01220 0
01221 1
01222 0
02000 1
02001 1
02002 0
02010 0
02011 0
02012 0
02020 0
02021 0
02022 0
02100 3 DISPOS
02101 7 DOSAIT
02102 0
02110 0
02111 0
02112 0
02120 0
02121 0
02122 0
02200 0
02201 0
02202 0
02210 0
02211 0
02212 0
02220 0
02221 0
02222 0
10000 29 DUOLET
10001 20 DOUTEE
10002 1
10010 19 DONUTS
10011 26 DAGUER
10012 0
10020 1
10021 1
10022 8 DARTOS
10100 14 DENUDE
10101 4 DIAULE
10102 0
10110 14 DICTEE
10111 0
10112 0
10120 3 DIGERE
10121 2
10122 2
10200 13 DOLANT
10201 5 DATIEZ
10202 0
10210 10 DIDONE
10211 3 DAVIER
10212 0
10220 0
10221 0
10222 0
11000 18 DOUTEE
11001 14 DENUES
11002 0
11010 14 DROPEE
11011 9 DANDYS
11012 1
11020 0
11021 0
11022 0
11100 18 DENTUE
11101 5 DICTAS
11102 0
11110 3 DIESER
11111 0
11112 0
11120 2
11121 0
11122 0
11200 2
11201 0
11202 0
11210 0
11211 1
11212 0
11220 0
11221 0
11222 0
12000 4 DOSSES
12001 1
12002 0
12010 1
12011 0
12012 0
12020 0
12021 0
12022 1
12100 3 DARONS
12101 0
12102 0
12110 1
12111 0
12112 0
12120 1
12121 0
12122 0
12200 2
12201 0
12202 0
12210 0
12211 0
12212 0
12220 0
12221 0
12222 0
20000 62 DONUTS
20001 27 DECLOT
20002 42 DOLANT
20010 14 DECRUE
20011 7 DIDYME
20012 9 DARDAT
20020 12 DOMPTE
20021 2
20022 8 DEVOLU
20100 13 DOUCIN
20101 13 DOLANT
20102 2
20110 4 DECRIT
20111 2
20112 1
20120 1
20121 0
20122 0
20200 32 DETELE
20201 10 DEFINI
20202 12 DOLMAN
20210 7 DIDONE
20211 0
20212 2
20220 4 DIDOTS
20221 0
20222 4 DEALAT
21000 29 DONUTS
21001 10 DENTAL
21002 2
21010 5 DEROBE
21011 2
21012 1
21020 4 DIRECT
21021 3 DOPANT
21022 0
21100 7 DIDOTS
21101 3 DELAVA
21102 0
21110 3 DEPECA
21111 0
21112 0
21120 0
21121 0
21122 0
21200 17 DENUDE
21201 5 DEFEND
21202 1
21210 0
21211 0
21212 0
21220 0
21221 0
21222 0
22000 3 DESUET
22001 4 DOMPTE
22002 4 DUPLEX
22010 0
22011 0
22012 0
22020 1
22021 0
22022 0
22100 3 DESTIN
22101 0
22102 0
22110 0
22111 0
22112 0
22120 0
22121 0
22122 0
22200 1
22201 0
22202 0
22210 0
22211 0
22212 0
22220 2
22221 0
22222 1