000000 2
000001 1
000002 17 DANCING
000010 0
000011 0
000012 0
000020 2
000021 0
000022 15 DUMPING
000100 2
000101 2
000102 12 DRAGONS
000110 0
000111 0
000112 0
000120 9 DIFLUOR
000121 2
000122 10 DURAMES
000200 0
000201 0
000202 0
000210 0
000211 0
000212 0
000220 0
000221 0
000222 1
001000 16 DAUBANT
001001 9 DISSOLU
001002 23 DAGUANT
001010 0
001011 0
001012 0
001020 9 DOUGLAS
001021 4 DISSIEZ
001022 14 DEBONDA
001100 14 DOUILLA
001101 3 DISPARU
001102 14 DRAVAIS
001110 0
001111 0
001112 0
001120 14 DRAVIEZ
001121 2
001122 5 DUALITE
001200 2
001201 0
001202 1
001210 0
001211 0
001212 0
001220 2
001221 0
001222 2
002000 4 DIMINUA
002001 1
002002 11 DISPOSA
002010 0
002011 0
002012 0
002020 1
002021 1
002022 6 DOLMANS
002100 2
002101 0
002102 6 DOUBLON
002110 0
002111 0
002112 0
002120 8 DRAGUER
002121 1
002122 5 DEMODAI
002200 0
002201 0
002202 0
002210 0
002211 0
002212 0
002220 0
002221 0
002222 0
010000 11 DOUBLAT
010001 2
010002 4 DALTONS
010010 0
010011 0
010012 0
010020 2
010021 0
010022 6 DIPLOMA
010100 11 DROPANT
010101 1
010102 0
010110 0
010111 0
010112 0
010120 3 DARKNET
010121 0
010122 3 DRONTES
010200 0
010201 0
010202 0
010210 0
010211 0
010212 0
010220 0
010221 0
010222 1
011000 21 DAGUANT
011001 7 DRAPAIT
011002 8 DICTATS
011010 0
011011 0
011012 0
011020 4 DILATEZ
011021 0
011022 3 DINATES
011100 12 DRAVAIT
011101 1
011102 1
011110 0
011111 0
011112 0
011120 3 DRIFTER
011121 0
011122 0
011200 1
011201 0
011202 0
011210 0
011211 0
011212 0
011220 0
011221 1
011222 0
012000 2
012001 1
012002 0
012010 0
012011 0
012012 0
012020 0
012021 0
012022 3 DEGITAS
012100 2
012101 0
012102 0
012110 0
012111 0
012112 0
012120 0
012121 0
012122 2
012200 0
012201 0
012202 0
012210 0
012211 0
012212 0
012220 0
012221 0
012222 0
020000 0
020001 0
020002 1
020010 0
020011 0
020012 0
020020 0
020021 0
020022 6 DOMPTAI
020100 0
020101 0
020102 0
020110 0
020111 0
020112 0
020120 0
020121 0
020122 0
020200 0
020201 0
020202 1
020210 0
020211 0
020212 0
020220 0
020221 0
020222 0
021000 0
021001 0
021002 0
021010 0
021011 0
021012 0
021020 0
021021 0
021022 0
021100 0
021101 0
021102 0
021110 0
021111 0
021112 0
021120 1
021121 0
021122 0
021200 0
021201 0
021202 0
021210 0
021211 0
021212 0
021220 0
021221 0
021222 0
022000 0
022001 0
022002 2
022010 0
022011 0
022012 0
022020 0
022021 0
022022 1
022100 0
022101 0
022102 0
022110 0
022111 0
022112 0
022120 0
022121 0
022122 0
022200 0
022201 0
022202 0
022210 0
022211 0
022212 0
022220 0
022221 0
022222 0
100000 8 DALLAGE
100001 7 DUOPOLE
100002 1
100010 3 DOUELLE
100011 3 DANSAIS
100012 1
100020 2
100021 1
100022 11 DINGUAI
100100 28 DAUBERA
100101 7 DROSERA
100102 8 DUCASSE
100110 1
100111 1
100112 0
100120 2
100121 4 DIAZOLE
100122 9 DAPHNES
100200 1
100201 0
100202 7 DUOPOLE
100210 0
100211 0
100212 0
100220 6 DECUPLA
100221 1
100222 0
101000 23 DIAMINE
101001 11 DOLASSE
101002 2
101010 3 DIADEME
101011 4 DEJEUNE
101012 1
101020 1
101021 1
101022 3 DANSAIS
101100 11 DIAZOLE
101101 2
101102 4 DINEURS
101110 1
101111 3 DIURESE
101112 0
101120 2
101121 0
101122 1
101200 10 DIPLOMA
101201 2
101202 2
101210 2
101211 1
101212 0
101220 5 DIAZANE
101221 0
101222 3 DIMERES
102000 5 DIMINUE
102001 1
102002 2
102010 1
102011 0
102012 0
102020 1
102021 1
102022 0
102100 5 DORIQUE
102101 0
102102 3 DAVIERS
102110 0
102111 0
102112 0
102120 3 DIRIMEE
102121 0
102122 0
102200 0
102201 0
102202 0
102210 0
102211 0
102212 0
102220 0
102221 0
102222 0
110000 12 DENUANT
110001 4 DANSOTE
110002 6 DUVETAS
110010 3 DUVETTE
110011 1
110012 0
110020 3 DOMPTEE
110021 0
110022 3 DOCETES
110100 10 DRUPACE
110101 1
110102 1
110110 0
110111 0
110112 0
110120 1
110121 0
110122 1
110200 0
110201 0
110202 0
110210 0
110211 0
110212 0
110220 0
110221 0
110222 0
111000 11 DICTAME
111001 9 DOGUANT
111002 1
111010 3 DINETTE
111011 3 DIGESTE
111012 0
111020 2
111021 0
111022 1
111100 6 DIORITE
111101 0
111102 1
111110 2
111111 0
111112 0
111120 0
111121 1
111122 0
111200 2
111201 0
111202 1
111210 0
111211 1
111212 0
111220 0
111221 0
111222 0
112000 0
112001 0
112002 0
112010 0
112011 0
112012 0
112020 1
112021 0
112022 0
112100 1
112101 0
112102 0
112110 0
112111 0
112112 0
112120 0
112121 0
112122 0
112200 0
112201 0
112202 0
112210 0
112211 0
112212 0
112220 0
112221 0
112222 0
120000 1
120001 2
120002 0
120010 0
120011 1
120012 0
120020 0
120021 0
120022 0
120100 0
120101 0
120102 1
120110 0
120111 0
120112 0
120120 0
120121 0
120122 0
120200 0
120201 0
120202 2
120210 0
120211 0
120212 0
120220 2
120221 0
120222 0
121000 0
121001 0
121002 0
121010 0
121011 0
121012 0
121020 0
121021 0
121022 0
121100 1
121101 0
121102 0
121110 0
121111 0
121112 0
121120 0
121121 0
121122 0
121200 2
121201 0
121202 0
121210 1
121211 0
121212 0
121220 0
121221 0
121222 0
122000 1
122001 0
122002 0
122010 0
122011 0
122012 0
122020 0
122021 0
122022 0
122100 0
122101 0
122102 0
122110 0
122111 0
122112 0
122120 0
122121 0
122122 0
122200 0
122201 0
122202 0
122210 0
122211 0
122212 0
122220 0
122221 0
122222 0
200000 49 DECLOUA
200001 11 DESSAPA
200002 36 DEVALUA
200010 63 DECLOUA
200011 20 DISPOSA
200012 9 DUMPING
200020 69 DEVALUE
200021 13 DUPASSE
200022 49 DECUPLA
200100 14 DEFLORA
200101 1
200102 11 DEMORDU
200110 33 DAGUERA
200111 3 DECRUSE
200112 4 DEALERS
200120 59 DRAGUER
200121 9 DEPOSER
200122 13 DEGONDA
200200 16 DECABLA
200201 2
200202 9 DEMORDU
200210 30 DEFONCA
200211 4 DESORBE
200212 1
200220 24 DECOUPE
200221 0
200222 8 DECLOUA
201000 30 DEVALUA
201001 11 DISPOSA
201002 18 DEPLANA
201010 23 DECLINA
201011 10 DUMPING
201012 1
201020 7 DRUPACE
201021 1
201022 6 DICLINE
201100 23 DECOUPA
201101 5 DUMPING
201102 4 DECROIS
201110 15 DECADRE
201111 3 DOPINGS
201112 0
201120 7 DEPECER
201121 0
201122 2
201200 10 DECOUPA
201201 0
201202 0
201210 7 DAPHNIE
201211 0
201212 1
201220 0
201221 0
201222 0
202000 17 DECIMAL
202001 5 DEVISSA
202002 22 DOLMANS
202010 8 DAUPHIN
202011 6 DOLMANS
202012 1
202020 27 DECLINE
202021 2
202022 23 DOLMENS
202100 8 DEGIVRA
202101 0
202102 2
202110 9 DEFENDE
202111 0
202112 1
202120 15 DEVENEZ
202121 1
202122 2
202200 3 DECLIVE
202201 1
202202 4 DEDISSE
202210 0
202211 0
202212 0
202220 6 DIAZOLE
202221 3 DIAZANE
202222 3 DEVASAS
210000 49 DECLOUA
210001 8 DESAMAT
210002 14 DOPANTE
210010 44 DOUTANT
210011 6 DESUETE
210012 6 DEVANCA
210020 21 DOUANCE
210021 0
210022 15 DECOUPA
210100 11 DEMORDU
210101 1
210102 1
210110 8 DECRETE
210111 1
210112 1
210120 13 DURABLE
210121 0
210122 1
210200 8 DECUPLA
210201 0
210202 2
210210 3 DEPARTE
210211 2
210212 1
210220 0
210221 0
210222 1
211000 25 DOUBLAT
211001 2
211002 7 DISCUTA
211010 12 DUALITE
211011 2
211012 1
211020 0
211021 0
211022 1
211100 7 DECRIAT
211101 0
211102 1
211110 3 DECRITE
211111 0
211112 0
211120 1
211121 0
211122 0
211200 1
211201 0
211202 0
211210 1
211211 0
211212 0
211220 0
211221 0
211222 0
212000 29 DELIANT
212001 3 DEPISTA
212002 4 DOUBLON
212010 5 DECLIVE
212011 2
212012 0
212020 9 DECUPLE
212021 0
212022 7 DEPLUMA
212100 3 DERIVAT
212101 0
212102 0
212110 1
212111 0
212112 0
212120 4 DEBILES
212121 0
212122 0
212200 2
212201 1
212202 0
212210 0
212211 0
212212 0
212220 0
212221 0
212222 0
220000 6 DETALLA
220001 0
220002 3 DETAXAS
220010 11 DUNETTE
220011 2
220012 3 DETENUS
220020 7 DOLASSE
220021 0
220022 4 DETALES
220100 2
220101 0
220102 1
220110 2
220111 0
220112 0
220120 4 DETALER
220121 0
220122 0
220200 1
220201 0
220202 1
220210 4 DETERRE
220211 1
220212 0
220220 0
220221 0
220222 0
221000 3 DETAXAI
221001 0
221002 1
221010 2
221011 0
221012 1
221020 0
221021 0
221022 0
221100 2
221101 0
221102 1
221110 1
221111 0
221112 0
221120 0
221121 0
221122 0
221200 0
221201 0
221202 0
221210 0
221211 0
221212 0
221220 0
221221 0
221222 0
222000 0
222001 1
222002 0
222010 1
222011 1
222012 1
222020 0
222021 0
222022 0
222100 0
222101 0
222102 0
222110 0
222111 0
222112 0
222120 0
222121 1
222122 0
222200 2
222201 0
222202 1
222210 0
222211 0
222212 0
222220 3 DIAZANE
222221 0
222222 1