000000 42 EBOULAT
000001 13 ESTOQUA
000002 36 EMOULUT
000010 48 EMPLUME
000011 18 EMBOUAT
000012 8 EXEMPTS
000020 58 EBOULEE
000021 14 ESTOQUE
000022 80 EBOULAT
000100 24 EBAVURA
000101 3 EMBRASA
000102 7 ERRATAS
000110 74 EVERTUA
000111 8 EMBRASE
000112 4 EGERMAS
000120 62 EMBATUE
000121 10 EMOUSSE
000122 24 EGARENT
000200 13 EMPARAT
000201 2
000202 9 EMPARAS
000210 16 EMMETRA
000211 2
000212 5 EPEURAS
000220 20 EPEURER
000221 6 ENFERRE
000222 12 EMPATEE
001000 62 EVALUAT
001001 21 EPAULAT
001002 42 ELIMAIT
001010 41 EMULAIT
001011 16 EMOUSSA
001012 5 ELEVAIS
001020 32 ELIDAIT
001021 6 EPILAGE
001022 33 EPILAIT
001100 31 ETABLAT
001101 4 EBRASAI
001102 16 ETIRAGE
001110 36 ELIDAIT
001111 8 ETOUPEE
001112 3 ERIGEAS
001120 11 ETIRAGE
001121 2
001122 3 EGERIES
001200 9 EPAULAI
001201 1
001202 1
001210 8 EPIERRE
001211 2
001212 2
001220 5 EPIEREZ
001221 0
001222 2
002000 14 EMBOUAT
002001 8 EVOLUAI
002002 10 EPILAIT
002010 12 ELAGUEE
002011 8 ECLOPAT
002012 0
002020 11 EXCEPTE
002021 6 ESTIMEZ
002022 12 EPEULAT
002100 5 ECULAIT
002101 2
002102 3 ETRIPAS
002110 8 ETALAGE
002111 1
002112 1
002120 8 EXPERTE
002121 6 EMPESER
002122 7 EPITOME
002200 5 EXTIRPA
002201 0
002202 2
002210 1
002211 0
002212 0
002220 6 EMMENER
002221 0
002222 3 EMPIRES
010000 22 ECHAULA
010001 5 ECOSSAT
010002 15 ECHOUAT
010010 26 ECROULA
010011 1
010012 5 EMECHAS
010020 28 ECHAULE
010021 7 ECOSSEZ
010022 30 EPLUCHA
010100 7 ECORCAT
010101 1
010102 5 ECORCAS
010110 23 EPURERA
010111 0
010112 4 ECRETAS
010120 35 ECROUTE
010121 6 EPEURER
010122 10 ETERNUE
010200 3 ECHARPA
010201 0
010202 1
010210 6 ECHARPE
010211 0
010212 2
010220 5 ENTERRE
010221 0
010222 1
011000 24 ECOULAT
011001 3 ECOSSAI
011002 9 EPEULAT
011010 12 EVOLUAT
011011 1
011012 2
011020 11 EDICULE
011021 0
011022 5 ECATIES
011100 11 EXAUCAT
011101 1
011102 4 ECORAIS
011110 10 EMETTRE
011111 0
011112 1
011120 7 EPILEUR
011121 0
011122 1
011200 1
011201 0
011202 0
011210 2
011211 0
011212 0
011220 0
011221 0
011222 0
012000 1
012001 3 ECUISSA
012002 0
012010 2
012011 3 ECUISSE
012012 0
012020 0
012021 0
012022 0
012100 2
012101 0
012102 2
012110 1
012111 0
012112 0
012120 2
012121 0
012122 3 EMEUTES
012200 1
012201 0
012202 1
012210 0
012211 0
012212 0
012220 1
012221 0
012222 0
020000 2
020001 1
020002 3 EXCUSAS
020010 6 EXCEPTE
020011 1
020012 1
020020 5 EXCAVEE
020021 2
020022 7 ESCALES
020100 1
020101 1
020102 1
020110 3 EXCRETE
020111 3 ESCHERA
020112 0
020120 2
020121 1
020122 0
020200 0
020201 2
020202 0
020210 0
020211 3 ESCARRE
020212 0
020220 0
020221 0
020222 0
021000 1
021001 2
021002 1
021010 2
021011 0
021012 0
021020 0
021021 1
021022 0
021100 0
021101 1
021102 0
021110 0
021111 1
021112 0
021120 0
021121 0
021122 0
021200 1
021201 0
021202 0
021210 1
021211 0
021212 0
021220 0
021221 0
021222 0
022000 4 EXCITAT
022001 2
022002 3 ESTIVES
022010 0
022011 0
022012 0
022020 4 EXCITEZ
022021 2
022022 3 EPURENT
022100 0
022101 0
022102 0
022110 0
022111 0
022112 0
022120 2
022121 1
022122 0
022200 0
022201 0
022202 0
022210 0
022211 0
022212 0
022220 0
022221 0
022222 0
100000 23 EMPALAI
100001 2
100002 24 EMPALAT
100010 41 EMULANT
100011 5 ESSANGE
100012 9 EPANDIT
100020 27 EMPOTEE
100021 1
100022 20 EMPOTAI
100100 10 ERAYANT
100101 0
100102 8 EMBRAYA
100110 30 EGARENT
100111 1
100112 3 EPRENDS
100120 18 EMPENNE
100121 0
100122 3 ERRONES
100200 0
100201 0
100202 0
100210 2
100211 0
100212 0
100220 0
100221 0
100222 0
101000 27 EPALANT
101001 3 EVASION
101002 13 ELIDAIT
101010 33 ELIDANT
101011 1
101012 2
101020 2
101021 1
101022 2
101100 6 ELIRONT
101101 1
101102 2
101110 8 EMIRENT
101111 1
101112 1
101120 3 EBENIER
101121 0
101122 2
101200 0
101201 0
101202 0
101210 0
101211 0
101212 0
101220 0
101221 0
101222 0
102000 4 EJOINTA
102001 2
102002 5 EXPIAIS
102010 8 EPIGEES
102011 1
102012 2
102020 0
102021 0
102022 3 EGOINES
102100 0
102101 0
102102 1
102110 3 ERAIENT
102111 0
102112 0
102120 1
102121 0
102122 1
102200 0
102201 0
102202 0
102210 0
102211 0
102212 0
102220 0
102221 0
102222 0
110000 10 EPLUCHA
110001 1
110002 6 ECULONS
110010 16 EPAULAT
110011 1
110012 0
110020 2
110021 0
110022 1
110100 3 ECORNAT
110101 0
110102 3 ECORONS
110110 3 ECORENT
110111 0
110112 0
110120 4 EDENTEZ
110121 0
110122 1
110200 1
110201 0
110202 0
110210 1
110211 0
110212 0
110220 0
110221 0
110222 0
111000 9 EMPALAI
111001 0
111002 5 EMOTIVE
111010 4 ECIMENT
111011 0
111012 0
111020 6 EMBLAVE
111021 0
111022 3 EPAMPRA
111100 1
111101 0
111102 0
111110 0
111111 0
111112 0
111120 3 EMPEGUA
111121 0
111122 0
111200 0
111201 0
111202 0
111210 0
111211 0
111212 0
111220 0
111221 0
111222 0
112000 2
112001 0
112002 2
112010 1
112011 0
112012 0
112020 2
112021 0
112022 1
112100 1
112101 0
112102 1
112110 1
112111 0
112112 0
112120 1
112121 0
112122 0
112200 0
112201 0
112202 0
112210 0
112211 0
112212 0
112220 0
112221 0
112222 0
120000 0
120001 1
120002 1
120010 0
120011 1
120012 0
120020 0
120021 0
120022 1
120100 0
120101 0
120102 0
120110 0
120111 0
120112 0
120120 0
120121 0
120122 0
120200 0
120201 0
120202 0
120210 0
120211 0
120212 0
120220 0
120221 0
120222 0
121000 0
121001 0
121002 0
121010 0
121011 0
121012 0
121020 0
121021 0
121022 0
121100 0
121101 0
121102 0
121110 1
121111 0
121112 0
121120 0
121121 0
121122 0
121200 0
121201 0
121202 0
121210 0
121211 0
121212 0
121220 0
121221 0
121222 0
122000 1
122001 0
122002 0
122010 0
122011 1
122012 0
122020 0
122021 0
122022 0
122100 0
122101 0
122102 0
122110 0
122111 0
122112 0
122120 0
122121 0
122122 0
122200 0
122201 0
122202 0
122210 0
122211 0
122212 0
122220 0
122221 0
122222 0
200000 29 EBOUTAT
200001 7 ENVASAT
200002 20 EVOLUAT
200010 29 EBOUTAT
200011 8 ENTOURA
200012 4 ENLEVAS
200020 42 EGOUTTE
200021 2
200022 26 EVOLUAT
200100 10 EMBOUAT
200101 0
200102 6 EUBAGES
200110 21 EVOLUAT
200111 2
200112 2
200120 42 EBROUEE
200121 1
200122 9 EBROUAT
200200 2
200201 1
200202 2
200210 17 EMBETAI
200211 3 ENSERRE
200212 1
200220 4 ENTEREZ
200221 0
200222 2
201000 28 EVOLUAT
201001 2
201002 6 ENFOUIS
201010 15 ELAGUAT
201011 4 EDUQUAT
201012 1
201020 2
201021 0
201022 6 ENNOIES
201100 12 EVALUAT
201101 0
201102 4 ENTOIRS
201110 5 EXECUTE
201111 0
201112 0
201120 1
201121 0
201122 1
201200 5 ENDURAI
201201 0
201202 1
201210 1
201211 0
201212 0
201220 3 EDENTEZ
201221 0
201222 1
202000 11 ENLIAIT
202001 6 ENLISAT
202002 10 ENSILAT
202010 6 ENLIGNE
202011 0
202012 0
202020 7 EDILITE
202021 6 ENLISEZ
202022 10 ENVOLEE
202100 0
202101 0
202102 0
202110 3 ENLIERA
202111 0
202112 1
202120 2
202121 3 ENLISER
202122 0
202200 1
202201 0
202202 0
202210 0
202211 0
202212 0
202220 0
202221 0
202222 0
210000 7 ENFONCA
210001 1
210002 2
210010 6 ENFARGE
210011 1
210012 0
210020 6 ENLACEZ
210021 0
210022 2
210100 2
210101 0
210102 0
210110 2
210111 0
210112 0
210120 2
210121 0
210122 0
210200 0
210201 0
210202 0
210210 0
210211 0
210212 0
210220 0
210221 0
210222 0
211000 2
211001 0
211002 0
211010 0
211011 0
211012 0
211020 0
211021 0
211022 0
211100 0
211101 0
211102 0
211110 0
211111 0
211112 0
211120 0
211121 0
211122 0
211200 2
211201 0
211202 0
211210 0
211211 0
211212 0
211220 0
211221 0
211222 0
212000 2
212001 0
212002 0
212010 2
212011 0
212012 0
212020 0
212021 0
212022 0
212100 1
212101 0
212102 0
212110 0
212111 0
212112 0
212120 0
212121 0
212122 0
212200 0
212201 0
212202 0
212210 0
212211 0
212212 0
212220 0
212221 0
212222 0
220000 9 ENCLOUA
220001 0
220002 4 ENCUVAS
220010 6 ENCLUME
220011 3 ENCLOSE
220012 0
220020 11 ELEVERA
220021 0
220022 5 EMBLAVA
220100 5 ENCOURU
220101 0
220102 2
220110 11 ENTOURA
220111 0
220112 0
220120 6 ETUVAGE
220121 0
220122 1
220200 3 ENCORNA
220201 0
220202 1
220210 3 ENCORNE
220211 0
220212 0
220220 0
220221 0
220222 0
221000 4 ENCUVAI
221001 0
221002 1
221010 2
221011 1
221012 1
221020 0
221021 0
221022 0
221100 1
221101 0
221102 1
221110 2
221111 0
221112 0
221120 2
221121 0
221122 0
221200 0
221201 0
221202 0
221210 0
221211 0
221212 0
221220 0
221221 0
221222 0
222000 0
222001 0
222002 0
222010 0
222011 0
222012 0
222020 0
222021 0
222022 0
222100 0
222101 0
222102 0
222110 0
222111 0
222112 0
222120 0
222121 0
222122 0
222200 2
222201 0
222202 1
222210 0
222211 0
222212 0
222220 3 EDENTEZ
222221 0
222222 1