00000 51 ECOULA
00001 13 ESCUDO
00002 32 ENCULA
00010 86 ENCULA
00011 22 ECOSSA
00012 7 ENGLUA
00020 41 ELANCE
00021 4 ESCHEZ
00022 34 EPULON
00100 13 EPULON
00101 3 EBRASA
00102 10 ENDURA
00110 36 ENCULA
00111 6 ECLOPE
00112 2
00120 25 EPULON
00121 2
00122 3 ERAYES
00200 6 EBURON
00201 1
00202 6 ECURAS
00210 20 ENDOGE
00211 1
00212 1
00220 15 ECURER
00221 0
00222 6 EPOUSA
01000 35 ENCULA
01001 13 EMPALA
01002 22 ENOUAI
01010 30 ENVOLE
01011 9 ENCULA
01012 3 ELEGIS
01020 9 ENCULE
01021 1
01022 4 ENGLUA
01100 14 EMACIA
01101 3 ESPOIR
01102 5 ERRAIS
01110 9 EXECRA
01111 2
01112 1
01120 7 ERRONE
01121 0
01122 2
01200 7 ECURAI
01201 0
01202 0
01210 2
01211 0
01212 1
01220 0
01221 0
01222 0
02000 13 EMPLOI
02001 1
02002 13 EMPALA
02010 10 EMPENA
02011 2
02012 0
02020 23 EMPALE
02021 1
02022 17 EMPLIE
02100 3 ENIVRA
02101 0
02102 0
02110 7 EMIGRE
02111 0
02112 1
02120 13 EMPLIR
02121 0
02122 2
02200 1
02201 0
02202 1
02210 0
02211 0
02212 0
02220 1
02221 0
02222 0
10000 41 ENCULA
10001 2
10002 11 EXACTS
10010 38 ELANCE
10011 2
10012 3 EXEATS
10020 4 EPATEZ
10021 0
10022 5 EPULON
10100 13 ENFUMA
10101 2
10102 1
10110 11 ENCULE
10111 1
10112 1
10120 1
10121 0
10122 0
10200 7 ENCULA
10201 1
10202 4 EPANNE
10210 1
10211 0
10212 0
10220 3 EVZONE
10221 0
10222 1
11000 19 ENFLAT
11001 3 ESTIVA
11002 2
11010 5 ECURIE
11011 2
11012 0
11020 1
11021 0
11022 0
11100 5 ECRIAT
11101 0
11102 2
11110 2
11111 0
11112 0
11120 1
11121 0
11122 0
11200 1
11201 1
11202 0
11210 0
11211 0
11212 0
11220 0
11221 0
11222 0
12000 17 ELIDAI
12001 1
12002 3 EDITOS
12010 3 EPIENT
12011 1
12012 0
12020 4 EDITEZ
12021 0
12022 5 EMPALA
12100 0
12101 0
12102 0
12110 1
12111 0
12112 0
12120 2
12121 0
12122 0
12200 1
12201 0
12202 0
12210 0
12211 0
12212 0
12220 0
12221 0
12222 0
20000 11 EMPALA
20001 0
20002 5 EMULAI
20010 13 EPANDU
20011 1
20012 3 EPOUSA
20020 13 ELAGUE
20021 0
20022 9 ENGLUA
20100 0
20101 0
20102 1
20110 2
20111 0
20112 1
20120 6 ENGLUA
20121 0
20122 0
20200 0
20201 0
20202 0
20210 0
20211 0
20212 0
20220 0
20221 0
20222 0
21000 7 EMPALA
21001 0
21002 1
21010 5 ETHNIE
21011 0
21012 1
21020 0
21021 0
21022 1
21100 2
21101 0
21102 0
21110 3 ETRIVE
21111 0
21112 0
21120 1
21121 0
21122 0
21200 0
21201 0
21202 0
21210 0
21211 0
21212 0
21220 0
21221 0
21222 0
22000 1
22001 0
22002 1
22010 3 EPOUSA
22011 1
22012 0
22020 0
22021 0
22022 0
22100 0
22101 0
22102 0
22110 0
22111 0
22112 1
22120 0
22121 0
22122 0
22200 2
22201 0
22202 1
22210 0
22211 0
22212 0
22220 3 EVZONE
22221 0
22222 1