000000 6 FLANERA
000001 1
000002 12 FANCLUB
000010 19 FORCENE
000011 6 FAXIONS
000012 9 FLANANT
000020 8 FIXABLE
000021 3 FADETTE
000022 25 FOLACHE
000100 6 FANCHON
000101 2
000102 1
000110 14 FANCHON
000111 8 FLANERA
000112 4 FRASILS
000120 0
000121 0
000122 2
000200 5 FAYOTAI
000201 0
000202 4 FIGNOLE
000210 4 FOIRADE
000211 0
000212 0
000220 7 FIGNOLE
000221 0
000222 12 FELONIE
001000 7 FLANERA
001001 5 FOULANT
001002 19 FACHANT
001010 24 FICELLE
001011 15 FILANTE
001012 9 FIGNOLE
001020 20 FIANCEE
001021 5 FISCALE
001022 20 FLAMAND
001100 18 FIANCAT
001101 2
001102 5 FICHONS
001110 14 FORLANE
001111 4 FROUAIT
001112 4 FICHONS
001120 0
001121 0
001122 1
001200 6 FANTASY
001201 0
001202 0
001210 9 FIENTAI
001211 0
001212 4 FENETRA
001220 5 FIEFFEE
001221 0
001222 6 FLIRTAT
002000 0
002001 0
002002 9 FANGEUX
002010 7 FEUILLA
002011 3 FINIRAI
002012 1
002020 0
002021 0
002022 6 FROLANT
002100 1
002101 0
002102 2
002110 4 FORGEAS
002111 1
002112 1
002120 0
002121 0
002122 1
002200 0
002201 0
002202 1
002210 0
002211 0
002212 0
002220 0
002221 0
002222 3 FINIRAI
010000 4 FENDREZ
010001 0
010002 8 FLOUANT
010010 9 FANEUSE
010011 8 FAVISME
010012 4 FORCANT
010020 10 FLANQUE
010021 3 FURETTE
010022 22 FLOUSAS
010100 7 FALUNAI
010101 1
010102 5 FLYSCHS
010110 9 FAYOTAT
010111 4 FURETTE
010112 1
010120 1
010121 0
010122 0
010200 1
010201 0
010202 1
010210 1
010211 1
010212 0
010220 2
010221 0
010222 4 FAXAMES
011000 9 FALUNAI
011001 3 FIERAIT
011002 7 FROUANT
011010 8 FICHONS
011011 5 FLANERA
011012 0
011020 5 FIGNOLE
011021 2
011022 4 FLOUSES
011100 7 FROUAIT
011101 0
011102 2
011110 5 FUMEUSE
011111 2
011112 0
011120 1
011121 0
011122 2
011200 1
011201 0
011202 0
011210 0
011211 0
011212 0
011220 0
011221 0
011222 0
012000 2
012001 1
012002 3 FUSAMES
012010 3 FACIALE
012011 2
012012 0
012020 3 FAVIQUE
012021 0
012022 1
012100 1
012101 0
012102 0
012110 1
012111 1
012112 0
012120 0
012121 0
012122 1
012200 1
012201 0
012202 0
012210 0
012211 0
012212 0
012220 0
012221 0
012222 0
020000 1
020001 0
020002 8 FLORAUX
020010 4 FOULANT
020011 1
020012 2
020020 2
020021 2
020022 11 FLICAGE
020100 8 FLUTONS
020101 1
020102 4 FOULANT
020110 14 FOETALE
020111 0
020112 1
020120 1
020121 1
020122 2
020200 1
020201 0
020202 0
020210 4 FORCAIT
020211 0
020212 0
020220 0
020221 0
020222 1
021000 4 FANCHON
021001 1
021002 5 FEODAUX
021010 2
021011 0
021012 1
021020 6 FELLAGA
021021 0
021022 0
021100 8 FOETALE
021101 0
021102 4 FOULANT
021110 2
021111 0
021112 0
021120 3 FLUTONS
021121 0
021122 0
021200 0
021201 0
021202 0
021210 0
021211 0
021212 0
021220 0
021221 0
021222 0
022000 2
022001 0
022002 2
022010 4 FERRATE
022011 1
022012 0
022020 1
022021 0
022022 3 FLUTONS
022100 1
022101 0
022102 0
022110 0
022111 0
022112 0
022120 0
022121 0
022122 0
022200 0
022201 0
022202 0
022210 0
022211 0
022212 0
022220 0
022221 0
022222 1
100000 5 FORGEAS
100001 0
100002 10 FONDOUK
100010 33 FORMENE
100011 2
100012 14 FLAMAND
100020 13 FECONDE
100021 2
100022 13 FORMERA
100100 8 FANTOME
100101 0
100102 3 FICHONS
100110 24 FORMAGE
100111 0
100112 3 FINIRAI
100120 1
100121 0
100122 1
100200 1
100201 0
100202 0
100210 3 FURETTE
100211 0
100212 0
100220 5 FRAYAGE
100221 0
100222 1
101000 13 FLOCULA
101001 1
101002 15 FORMICA
101010 33 FARDELE
101011 1
101012 8 FILMAGE
101020 28 FORCIRA
101021 2
101022 6 FIEFFAI
101100 12 FICTION
101101 0
101102 3 FORGEAS
101110 15 FERLERA
101111 0
101112 2
101120 5 FIERIEZ
101121 0
101122 1
101200 2
101201 0
101202 1
101210 1
101211 0
101212 0
101220 5 FLIQUER
101221 0
101222 2
102000 3 FONDENT
102001 0
102002 4 FICHONS
102010 3 FLANERA
102011 0
102012 2
102020 7 FRAIRIE
102021 0
102022 3 FETIONS
102100 2
102101 0
102102 1
102110 0
102111 0
102112 0
102120 0
102121 0
102122 0
102200 0
102201 0
102202 0
102210 0
102211 0
102212 0
102220 0
102221 0
102222 0
110000 5 FORGEAS
110001 0
110002 3 FAVEURS
110010 29 FARDELE
110011 2
110012 10 FUMERON
110020 11 FALUCHE
110021 3 FLANERA
110022 8 FERALES
110100 1
110101 0
110102 0
110110 4 FAVEURS
110111 0
110112 0
110120 1
110121 0
110122 1
110200 0
110201 0
110202 0
110210 2
110211 0
110212 1
110220 3 FENDREZ
110221 0
110222 1
111000 2
111001 1
111002 4 FICHONS
111010 9 FRIMERA
111011 3 FOUGEAT
111012 3 FLUTONS
111020 6 FLUEREZ
111021 0
111022 1
111100 4 FROUAIT
111101 0
111102 1
111110 4 FLORALE
111111 0
111112 0
111120 0
111121 0
111122 0
111200 0
111201 0
111202 0
111210 1
111211 0
111212 0
111220 0
111221 0
111222 0
112000 0
112001 1
112002 0
112010 2
112011 0
112012 1
112020 1
112021 0
112022 0
112100 0
112101 0
112102 0
112110 0
112111 0
112112 1
112120 0
112121 0
112122 0
112200 0
112201 0
112202 0
112210 0
112211 0
112212 0
112220 0
112221 0
112222 0
120000 6 FLUCTUE
120001 0
120002 3 FARRAGO
120010 14 FLAMBEE
120011 0
120012 2
120020 10 FEDERER
120021 1
120022 6 FOURBER
120100 4 FIBRAGE
120101 0
120102 1
120110 6 FLANERA
120111 0
120112 1
120120 4 FEDERER
120121 0
120122 2
120200 0
120201 0
120202 0
120210 0
120211 1
120212 0
120220 0
120221 0
120222 0
121000 6 FRONCER
121001 0
121002 3 FLEGMON
121010 3 FINIRAI
121011 0
121012 0
121020 0
121021 0
121022 0
121100 4 FLUTONS
121101 0
121102 0
121110 1
121111 0
121112 0
121120 0
121121 0
121122 0
121200 0
121201 0
121202 0
121210 0
121211 0
121212 0
121220 0
121221 0
121222 0
122000 1
122001 0
122002 1
122010 0
122011 0
122012 0
122020 2
122021 0
122022 0
122100 0
122101 0
122102 0
122110 0
122111 0
122112 0
122120 0
122121 0
122122 0
122200 0
122201 0
122202 0
122210 0
122211 0
122212 0
122220 0
122221 0
122222 0
200000 1
200001 0
200002 6 FARADAY
200010 6 FLANERA
200011 0
200012 1
200020 14 FAZENDA
200021 0
200022 7 FRONDEE
200100 5 FICHONS
200101 0
200102 0
200110 10 FEULERA
200111 0
200112 3 FICHONS
200120 0
200121 0
200122 1
200200 5 FANCHON
200201 0
200202 1
200210 1
200211 0
200212 1
200220 6 FOURREE
200221 0
200222 2
201000 6 FRONCER
201001 2
201002 13 FRISOIR
201010 9 FLEGMON
201011 3 FROUAIT
201012 1
201020 5 FLAMBER
201021 2
201022 4 FESSIER
201100 11 FANTOME
201101 3 FROUAIT
201102 3 FICHONS
201110 7 FRAPPAT
201111 2
201112 2
201120 2
201121 0
201122 1
201200 3 FUITENT
201201 0
201202 2
201210 1
201211 0
201212 0
201220 3 FRAYERE
201221 0
201222 1
202000 2
202001 3 FRAPPAS
202002 2
202010 4 FRICHTI
202011 1
202012 1
202020 3 FRATRIE
202021 3 FESSIER
202022 3 FROUAIT
202100 1
202101 1
202102 0
202110 3 FINIRAI
202111 0
202112 0
202120 0
202121 0
202122 0
202200 0
202201 0
202202 0
202210 0
202211 0
202212 0
202220 0
202221 0
202222 0
210000 0
210001 1
210002 2
210010 4 FRONCER
210011 3 FROUAIT
210012 0
210020 3 FANEREZ
210021 0
210022 1
210100 2
210101 0
210102 0
210110 2
210111 0
210112 0
210120 0
210121 0
210122 0
210200 0
210201 0
210202 0
210210 0
210211 0
210212 0
210220 0
210221 0
210222 0
211000 3 FONDENT
211001 0
211002 2
211010 3 FOULANT
211011 1
211012 0
211020 4 FANZINE
211021 0
211022 1
211100 2
211101 0
211102 0
211110 1
211111 0
211112 0
211120 1
211121 0
211122 0
211200 0
211201 0
211202 0
211210 0
211211 0
211212 0
211220 0
211221 0
211222 0
212000 0
212001 0
212002 0
212010 0
212011 0
212012 0
212020 0
212021 0
212022 0
212100 0
212101 0
212102 0
212110 0
212111 0
212112 0
212120 0
212121 0
212122 0
212200 0
212201 0
212202 0
212210 0
212211 0
212212 0
212220 0
212221 0
212222 0
220000 1
220001 1
220002 0
220010 1
220011 1
220012 0
220020 0
220021 0
220022 0
220100 0
220101 0
220102 0
220110 0
220111 0
220112 0
220120 0
220121 0
220122 0
220200 0
220201 1
220202 0
220210 0
220211 1
220212 0
220220 0
220221 0
220222 1
221000 0
221001 0
221002 0
221010 0
221011 0
221012 0
221020 0
221021 0
221022 0
221100 0
221101 0
221102 0
221110 0
221111 0
221112 0
221120 0
221121 0
221122 0
221200 0
221201 0
221202 1
221210 0
221211 0
221212 0
221220 0
221221 0
221222 0
222000 0
222001 0
222002 0
222010 0
222011 0
222012 0
222020 0
222021 0
222022 0
222100 0
222101 0
222102 0
222110 0
222111 0
222112 0
222120 0
222121 0
222122 0
222200 0
222201 0
222202 0
222210 0
222211 0
222212 0
222220 1
222221 0
222222 1