00000 18 FADANT
00001 3 FLASHY
00002 18 FONCAT
00010 37 FOCALE
00011 5 FASEYE
00012 7 FELONS
00020 13 FONDEZ
00021 3 FESSEZ
00022 27 FELENT
00100 23 FLANAI
00101 7 FISTOT
00102 17 FILANT
00110 33 FILANT
00111 6 FESTIN
00112 6 FETAIS
00120 5 FUTILE
00121 0
00122 12 FILETA
00200 8 FAXANT
00201 1
00202 3 FILINS
00210 8 FIENTE
00211 0
00212 3 FELINS
00220 9 FIDELE
00221 0
00222 3 FORCEZ
01000 13 FRONDA
01001 0
01002 7 FRACAS
01010 22 FRONDA
01011 0
01012 5 FLANAS
01020 17 FRAYEE
01021 1
01022 7 FLETAN
01100 23 FRIMAT
01101 5 FRICOT
01102 10 FRIPAT
01110 18 FLIRTA
01111 1
01112 2
01120 17 FRETER
01121 3 FRETEZ
01122 8 FIBRAT
01200 3 FLAIRA
01201 1
01202 3 FAKIRS
01210 4 FROIDE
01211 1
01212 1
01220 1
01221 0
01222 1
02000 8 FACTUM
02001 0
02002 7 FORKAT
02010 10 FERRAT
02011 0
02012 7 FERRAS
02020 30 FOCALE
02021 0
02022 12 FORMAT
02100 15 FONCAT
02101 0
02102 4 FARSIS
02110 6 FILMAT
02111 0
02112 2
02120 0
02121 0
02122 1
02200 2
02201 0
02202 1
02210 2
02211 0
02212 0
02220 3 FERIEZ
02221 0
02222 1
10000 23 FLANAT
10001 2
10002 13 FOUDAT
10010 28 FLUATE
10011 3 FESSUE
10012 6 FOENAT
10020 16 FLUATE
10021 0
10022 13 FLUANT
10100 15 FLUXAT
10101 0
10102 4 FILOUS
10110 4 FLIQUE
10111 0
10112 0
10120 0
10121 0
10122 1
10200 1
10201 0
10202 0
10210 2
10211 0
10212 1
10220 1
10221 0
10222 1
11000 8 FOURRA
11001 0
11002 2
11010 17 FOUTRE
11011 1
11012 2
11020 13 FLUXAT
11021 0
11022 1
11100 7 FREINA
11101 0
11102 0
11110 5 FIXEUR
11111 0
11112 0
11120 0
11121 0
11122 0
11200 1
11201 0
11202 1
11210 1
11211 0
11212 0
11220 0
11221 0
11222 0
12000 1
12001 0
12002 1
12010 4 FORURE
12011 0
12012 0
12020 0
12021 0
12022 1
12100 0
12101 0
12102 0
12110 0
12111 0
12112 0
12120 0
12121 0
12122 0
12200 0
12201 0
12202 0
12210 0
12211 0
12212 0
12220 0
12221 0
12222 0
20000 3 FUYANT
20001 2
20002 7 FUSENT
20010 5 FICHAT
20011 4 FUSELA
20012 2
20020 3 FUXEEN
20021 1
20022 6 FUSENT
20100 5 FUYAIT
20101 2
20102 4 FUYAIS
20110 2
20111 1
20112 0
20120 2
20121 0
20122 2
20200 0
20201 1
20202 2
20210 2
20211 0
20212 0
20220 2
20221 1
20222 0
21000 2
21001 0
21002 1
21010 4 FUMURE
21011 1
21012 0
21020 2
21021 0
21022 0
21100 2
21101 0
21102 1
21110 0
21111 0
21112 0
21120 2
21121 0
21122 0
21200 0
21201 0
21202 0
21210 0
21211 0
21212 0
21220 2
21221 0
21222 0
22000 0
22001 0
22002 0
22010 6 FURETA
22011 0
22012 1
22020 0
22021 0
22022 0
22100 1
22101 0
22102 0
22110 0
22111 0
22112 0
22120 0
22121 0
22122 0
22200 0
22201 0
22202 1
22210 0
22211 0
22212 0
22220 0
22221 0
22222 1