000000 0
000001 0
000002 3 GLYCOLS
000010 10 GEMELLE
000011 7 GLUCOSE
000012 3 GOSPELS
000020 9 GUEULEZ
000021 7 GELOSEE
000022 23 GOULETS
000100 1
000101 0
000102 1
000110 9 GODILLE
000111 2
000112 0
000120 6 GIBOYEZ
000121 2
000122 16 GEMMULE
000200 1
000201 1
000202 1
000210 1
000211 0
000212 0
000220 10 GUELFES
000221 1
000222 2
001000 1
001001 0
001002 7 GOURMET
001010 12 GENEUSE
001011 2
001012 7 GYMNOTE
001020 3 GONFLEZ
001021 0
001022 4 GENOMES
001100 3 GUIGNON
001101 0
001102 10 GALIBOT
001110 10 GIFLENT
001111 2
001112 5 GENIONS
001120 10 GODINEE
001121 0
001122 8 GEMINES
001200 0
001201 0
001202 0
001210 6 GLYCINE
001211 2
001212 1
001220 1
001221 0
001222 1
002000 0
002001 0
002002 0
002010 2
002011 0
002012 2
002020 0
002021 0
002022 1
002100 0
002101 0
002102 0
002110 1
002111 0
002112 0
002120 3 GUINEEN
002121 0
002122 3 GEINTES
002200 0
002201 0
002202 0
002210 0
002211 0
002212 0
002220 1
002221 0
002222 0
010000 0
010001 0
010002 1
010010 12 GRUMELE
010011 2
010012 7 GRELOTS
010020 26 GROUPER
010021 2
010022 20 GRUMELE
010100 3 GUIPOIR
010101 3 GROSSIT
010102 8 GROSSIS
010110 11 GRENEUR
010111 3 GRESOIR
010112 4 GOSIERS
010120 18 GOLMOTE
010121 1
010122 11 GRUMELA
010200 0
010201 0
010202 0
010210 3 GRECITE
010211 1
010212 2
010220 11 GRUMIER
010221 3 GRISIEZ
010222 1
011000 2
011001 0
011002 2
011010 5 GREVENT
011011 1
011012 6 GRIVELE
011020 7 GAZELLE
011021 0
011022 4 GENREES
011100 4 GONFLES
011101 0
011102 3 GRISONS
011110 3 GIVRENT
011111 2
011112 2
011120 6 GERMOIR
011121 0
011122 2
011200 0
011201 0
011202 0
011210 1
011211 0
011212 2
011220 0
011221 0
011222 0
012000 0
012001 0
012002 0
012010 4 GRENURE
012011 0
012012 1
012020 3 GERCURE
012021 0
012022 4 GRENUES
012100 1
012101 0
012102 1
012110 4 GERCURE
012111 0
012112 0
012120 3 GUINDER
012121 0
012122 2
012200 0
012201 0
012202 0
012210 0
012211 0
012212 0
012220 2
012221 0
012222 0
020000 0
020001 0
020002 2
020010 2
020011 0
020012 2
020020 1
020021 0
020022 5 GOBAMES
020100 0
020101 0
020102 0
020110 5 GORILLE
020111 0
020112 1
020120 0
020121 0
020122 1
020200 0
020201 0
020202 0
020210 0
020211 0
020212 0
020220 5 GERCIEZ
020221 0
020222 0
021000 0
021001 0
021002 0
021010 7 GERCENT
021011 0
021012 4 GLECOME
021020 0
021021 0
021022 0
021100 0
021101 0
021102 1
021110 2
021111 0
021112 1
021120 0
021121 0
021122 0
021200 0
021201 0
021202 0
021210 0
021211 0
021212 0
021220 1
021221 0
021222 0
022000 0
022001 0
022002 0
022010 0
022011 0
022012 0
022020 0
022021 0
022022 0
022100 0
022101 0
022102 0
022110 0
022111 0
022112 0
022120 0
022121 0
022122 0
022200 0
022201 0
022202 0
022210 0
022211 0
022212 0
022220 0
022221 0
022222 0
100000 6 GLOTTAL
100001 2
100002 6 GOUALAS
100010 19 GUEABLE
100011 6 GALIBOT
100012 7 GLETTAS
100020 3 GOUAPEZ
100021 0
100022 16 GOUGENT
100100 20 GOUALAT
100101 7 GHOSTAI
100102 14 GALOPAT
100110 13 GALOPAT
100111 2
100112 3 GEEKAIS
100120 0
100121 2
100122 6 GATISME
100200 2
100201 0
100202 0
100210 0
100211 0
100212 0
100220 2
100221 0
100222 1
101000 8 GONFLAT
101001 1
101002 4 GLACONS
101010 9 GOELAND
101011 2
101012 1
101020 0
101021 0
101022 4 GENATES
101100 12 GUIDAIT
101101 0
101102 5 GODINAS
101110 5 GENITAL
101111 1
101112 1
101120 0
101121 0
101122 1
101200 0
101201 0
101202 0
101210 0
101211 0
101212 0
101220 0
101221 0
101222 0
102000 3 GUANACO
102001 0
102002 2
102010 3 GLENANT
102011 1
102012 0
102020 3 GHANEEN
102021 0
102022 3 GEANTES
102100 5 GUINDAT
102101 0
102102 2
102110 1
102111 0
102112 1
102120 0
102121 0
102122 0
102200 0
102201 0
102202 0
102210 1
102211 0
102212 0
102220 1
102221 0
102222 0
110000 8 GROUPAL
110001 0
110002 7 GROUPAL
110010 30 GRELERA
110011 4 GRESAGE
110012 8 GUEABLE
110020 11 GUETRER
110021 2
110022 12 GRESENT
110100 26 GUIPAIT
110101 4 GRISARD
110102 12 GUIPAIS
110110 25 GRUMELE
110111 3 GRISERA
110112 4 GISIONS
110120 3 GERCURE
110121 1
110122 1
110200 6 GRAVITA
110201 0
110202 2
110210 6 GRAVITE
110211 1
110212 0
110220 6 GRAVURE
110221 0
110222 2
111000 5 GROGNAT
111001 0
111002 2
111010 6 GRELANT
111011 1
111012 3 GRAMENS
111020 0
111021 0
111022 0
111100 9 GRAINAI
111101 1
111102 2
111110 1
111111 0
111112 0
111120 3 GERCURE
111121 0
111122 1
111200 1
111201 0
111202 2
111210 2
111211 0
111212 0
111220 0
111221 0
111222 0
112000 2
112001 0
112002 1
112010 10 GLACAGE
112011 0
112012 1
112020 3 GRANGEE
112021 0
112022 2
112100 8 GRINCAT
112101 0
112102 2
112110 3 GRANDIE
112111 0
112112 1
112120 0
112121 0
112122 0
112200 2
112201 0
112202 1
112210 1
112211 0
112212 0
112220 0
112221 0
112222 0
120000 0
120001 0
120002 0
120010 9 GERBERA
120011 2
120012 2
120020 0
120021 0
120022 2
120100 0
120101 1
120102 0
120110 5 GLECOME
120111 0
120112 3 GRIMACA
120120 0
120121 0
120122 1
120200 0
120201 0
120202 0
120210 0
120211 0
120212 0
120220 0
120221 0
120222 0
121000 0
121001 0
121002 0
121010 6 GLECOME
121011 0
121012 1
121020 0
121021 0
121022 0
121100 2
121101 0
121102 0
121110 1
121111 0
121112 0
121120 0
121121 0
121122 0
121200 0
121201 0
121202 0
121210 0
121211 0
121212 0
121220 0
121221 0
121222 0
122000 0
122001 0
122002 0
122010 0
122011 0
122012 0
122020 0
122021 0
122022 0
122100 0
122101 0
122102 0
122110 0
122111 0
122112 0
122120 0
122121 0
122122 0
122200 0
122201 0
122202 0
122210 0
122211 0
122212 0
122220 0
122221 0
122222 0
200000 3 GAMBADA
200001 1
200002 5 GAUSSAS
200010 17 GOBELET
200011 9 GLETTEZ
200012 5 GALEJAS
200020 5 GAMELEZ
200021 2
200022 22 GOUALAT
200100 12 GICLAIT
200101 1
200102 9 GAULAIS
200110 8 GALETAS
200111 2
200112 1
200120 1
200121 0
200122 2
200200 1
200201 0
200202 2
200210 0
200211 0
200212 0
200220 4 GHILDES
200221 0
200222 1
201000 7 GALONNA
201001 1
201002 10 GICLAIT
201010 12 GLUTENS
201011 1
201012 1
201020 1
201021 0
201022 4 GANSEES
201100 4 GAMINAT
201101 1
201102 12 GALBAIT
201110 1
201111 0
201112 0
201120 1
201121 0
201122 2
201200 0
201201 0
201202 1
201210 1
201211 0
201212 0
201220 2
201221 1
201222 0
202000 1
202001 0
202002 1
202010 2
202011 0
202012 0
202020 0
202021 0
202022 1
202100 3 GAINANT
202101 0
202102 3 GAINONS
202110 2
202111 0
202112 0
202120 0
202121 0
202122 1
202200 0
202201 0
202202 0
202210 0
202211 0
202212 0
202220 2
202221 0
202222 0
210000 2
210001 0
210002 3 GABBROS
210010 10 GALEACE
210011 0
210012 8 GAVAGES
210020 13 GALEREZ
210021 1
210022 5 GRANULA
210100 4 GABARIT
210101 0
210102 0
210110 9 GALETAS
210111 0
210112 2
210120 0
210121 0
210122 0
210200 1
210201 0
210202 0
210210 0
210211 0
210212 0
210220 1
210221 0
210222 0
211000 0
211001 0
211002 0
211010 2
211011 1
211012 0
211020 0
211021 0
211022 0
211100 1
211101 0
211102 0
211110 0
211111 0
211112 0
211120 1
211121 0
211122 0
211200 0
211201 0
211202 0
211210 0
211211 0
211212 0
211220 1
211221 0
211222 0
212000 0
212001 0
212002 0
212010 2
212011 0
212012 0
212020 0
212021 0
212022 0
212100 0
212101 0
212102 0
212110 1
212111 0
212112 0
212120 0
212121 0
212122 0
212200 0
212201 0
212202 0
212210 0
212211 0
212212 0
212220 1
212221 0
212222 0
220000 2
220001 0
220002 1
220010 6 GARDEUR
220011 1
220012 1
220020 1
220021 0
220022 4 GARGOTA
220100 1
220101 0
220102 2
220110 1
220111 0
220112 0
220120 0
220121 0
220122 0
220200 0
220201 0
220202 0
220210 0
220211 0
220212 0
220220 1
220221 0
220222 0
221000 2
221001 0
221002 3 GARDONS
221010 4 GARANCE
221011 0
221012 0
221020 0
221021 0
221022 0
221100 1
221101 0
221102 1
221110 0
221111 0
221112 0
221120 0
221121 0
221122 0
221200 1
221201 0
221202 0
221210 0
221211 0
221212 0
221220 1
221221 0
221222 0
222000 0
222001 0
222002 0
222010 0
222011 0
222012 0
222020 0
222021 0
222022 0
222100 0
222101 0
222102 0
222110 0
222111 0
222112 0
222120 0
222121 0
222122 0
222200 1
222201 0
222202 0
222210 0
222211 0
222212 0
222220 0
222221 0
222222 1