00000 9 GLUANT
00001 43 GOUELS
00002 23 GOULET
00010 2
00011 23 GILDES
00012 14 GULDEN
00020 1
00021 0
00022 2
00100 9 GOUDOU
00101 23 GENTES
00102 4 GENTES
00110 7 GIGOTS
00111 6 GUEEES
00112 8 GEMINA
00120 0
00121 2
00122 1
00200 0
00201 3 GOSSES
00202 1
00210 0
00211 1
00212 3 GUILDE
00220 0
00221 0
00222 0
01000 5 GOSSES
01001 32 GRESER
01002 20 GOULES
01010 9 GOUDAS
01011 20 GRISER
01012 11 GUIPES
01020 0
01021 5 GOUETS
01022 1
01100 1
01101 9 GENTES
01102 4 GARDEE
01110 3 GOSSES
01111 0
01112 2
01120 0
01121 2
01122 0
01200 0
01201 5 GRESER
01202 4 GRUGEE
01210 1
01211 0
01212 2
01220 0
01221 0
01222 0
02000 1
02001 16 GAZEES
02002 5 GOMBOS
02010 0
02011 2
02012 1
02020 0
02021 1
02022 0
02100 1
02101 4 GREVES
02102 0
02110 3 GOSSES
02111 0
02112 0
02120 0
02121 0
02122 0
02200 0
02201 0
02202 0
02210 0
02211 0
02212 0
02220 0
02221 0
02222 0
10000 25 GOULET
10001 16 GLEBES
10002 8 GUILDE
10010 23 GLOSAT
10011 3 GREVES
10012 4 GIVRAS
10020 13 GODAIT
10021 4 GENTES
10022 1
10100 7 GODAIS
10101 3 GENTES
10102 2
10110 7 GODAIS
10111 2
10112 1
10120 0
10121 2
10122 0
10200 5 GARDAT
10201 5 GENTES
10202 3 GRUGEE
10210 2
10211 1
10212 0
10220 0
10221 0
10222 0
11000 14 GAULAS
11001 20 GREVES
11002 10 GRADES
11010 17 GRISAI
11011 4 GENTES
11012 1
11020 8 GLACAT
11021 2
11022 2
11100 1
11101 4 GRABAT
11102 0
11110 3 GOBIES
11111 0
11112 1
11120 2
11121 0
11122 0
11200 2
11201 3 GOSSES
11202 2
11210 2
11211 1
11212 0
11220 1
11221 0
11222 0
12000 0
12001 8 GAMBAS
12002 0
12010 0
12011 3 GOMBOS
12012 1
12020 0
12021 2
12022 0
12100 0
12101 1
12102 0
12110 0
12111 0
12112 0
12120 0
12121 0
12122 0
12200 0
12201 0
12202 0
12210 0
12211 0
12212 0
12220 0
12221 0
12222 0
20000 21 GOLFAS
20001 31 GUZLAS
20002 16 GOLFES
20010 7 GIFLAI
20011 6 GAZAGE
20012 2
20020 13 GAULAT
20021 0
20022 1
20100 16 GLOSAT
20101 9 GITIEZ
20102 4 GLOSER
20110 9 GONDAS
20111 0
20112 2
20120 1
20121 0
20122 0
20200 2
20201 2
20202 1
20210 4 GITAIS
20211 2
20212 1
20220 0
20221 0
20222 0
21000 3 GOSSES
21001 13 GLUMES
21002 5 GOUALA
21010 0
21011 2
21012 0
21020 1
21021 0
21022 0
21100 0
21101 2
21102 0
21110 0
21111 0
21112 0
21120 0
21121 0
21122 0
21200 0
21201 1
21202 0
21210 0
21211 1
21212 0
21220 0
21221 0
21222 0
22000 5 GARDAT
22001 6 GODETS
22002 2
22010 1
22011 1
22012 0
22020 2
22021 0
22022 0
22100 4 GARDON
22101 1
22102 0
22110 0
22111 0
22112 0
22120 0
22121 0
22122 0
22200 0
22201 0
22202 0
22210 0
22211 0
22212 0
22220 3 GENTES
22221 0
22222 1