00000 3 HUMEUR
00001 0
00002 6 HUBLOT
00010 9 HOLDUP
00011 3 HOCHEE
00012 4 HEMINE
00020 10 HOCHEE
00021 0
00022 18 HUMENT
00100 1
00101 0
00102 2
00110 7 HUMONS
00111 0
00112 3 HORMIS
00120 9 HURRAH
00121 3 HOCHEE
00122 6 HUMIDE
00200 0
00201 0
00202 1
00210 2
00211 0
00212 2
00220 2
00221 0
00222 3 HATEES
01000 4 HONORE
01001 0
01002 4 HENNES
01010 16 HELION
01011 2
01012 2
01020 3 HOCHEE
01021 2
01022 1
01100 3 HOBBIT
01101 0
01102 1
01110 5 HENNIT
01111 0
01112 1
01120 1
01121 1
01122 0
01200 1
01201 0
01202 3 HYBRIS
01210 1
01211 0
01212 0
01220 0
01221 0
01222 0
02000 0
02001 0
02002 1
02010 0
02011 0
02012 0
02020 2
02021 0
02022 1
02100 0
02101 0
02102 0
02110 1
02111 0
02112 0
02120 1
02121 0
02122 0
02200 0
02201 0
02202 0
02210 1
02211 0
02212 0
02220 0
02221 0
02222 0
10000 8 HUMANT
10001 1
10002 3 HOCHEE
10010 6 HUCHAT
10011 1
10012 1
10020 0
10021 0
10022 2
10100 4 HARENG
10101 0
10102 1
10110 7 HUCHAT
10111 1
10112 2
10120 0
10121 0
10122 0
10200 3 HONORE
10201 0
10202 2
10210 2
10211 0
10212 1
10220 0
10221 0
10222 0
11000 8 HUCHAT
11001 2
11002 6 HUMANT
11010 3 HALLAL
11011 1
11012 1
11020 0
11021 0
11022 0
11100 1
11101 0
11102 0
11110 3 HUCHAT
11111 1
11112 0
11120 0
11121 0
11122 0
11200 0
11201 0
11202 0
11210 1
11211 0
11212 0
11220 0
11221 0
11222 0
12000 2
12001 0
12002 1
12010 0
12011 0
12012 0
12020 0
12021 0
12022 0
12100 0
12101 0
12102 0
12110 0
12111 0
12112 0
12120 0
12121 0
12122 0
12200 0
12201 0
12202 0
12210 0
12211 0
12212 0
12220 0
12221 0
12222 0
20000 14 HETMAN
20001 1
20002 14 HALANT
20010 14 HALANT
20011 1
20012 1
20020 9 HELENT
20021 1
20022 14 HALENT
20100 5 HARPAI
20101 1
20102 4 HAPPAS
20110 7 HALVAS
20111 0
20112 2
20120 11 HARPEE
20121 0
20122 3 HOLDUP
20200 1
20201 0
20202 0
20210 0
20211 0
20212 0
20220 0
20221 0
20222 1
21000 10 HALANT
21001 0
21002 10 HABLAT
21010 5 HEBETA
21011 0
21012 0
21020 3 HALTES
21021 0
21022 1
21100 4 HAPPAS
21101 0
21102 2
21110 3 HOLDUP
21111 0
21112 0
21120 1
21121 0
21122 0
21200 0
21201 0
21202 0
21210 0
21211 0
21212 0
21220 0
21221 0
21222 0
22000 1
22001 0
22002 1
22010 0
22011 1
22012 0
22020 0
22021 0
22022 3 HEMINE
22100 0
22101 0
22102 0
22110 0
22111 0
22112 0
22120 0
22121 0
22122 0
22200 1
22201 0
22202 1
22210 0
22211 0
22212 0
22220 1
22221 0
22222 1