000000 2
000001 0
000002 4 HOLDUPS
000010 0
000011 0
000012 1
000020 0
000021 0
000022 1
000100 7 HOLISME
000101 3 HAUSSEE
000102 8 HOLDUPS
000110 24 HUMEREZ
000111 2
000112 10 HOUBLON
000120 1
000121 0
000122 1
000200 2
000201 0
000202 4 HUCHANT
000210 6 HABLONS
000211 1
000212 3 HIEBLES
000220 0
000221 0
000222 0
001000 2
001001 0
001002 3 HOLDUPS
001010 1
001011 0
001012 3 HOLDUPS
001020 1
001021 0
001022 0
001100 7 HUMILIE
001101 5 HIEBLES
001102 7 HIBERNA
001110 15 HERVIEN
001111 2
001112 3 HYALINS
001120 1
001121 0
001122 1
001200 1
001201 0
001202 2
001210 0
001211 0
001212 0
001220 0
001221 0
001222 0
002000 0
002001 0
002002 2
002010 1
002011 0
002012 1
002020 0
002021 0
002022 0
002100 9 HOLMIUM
002101 1
002102 8 HUILONS
002110 0
002111 1
002112 1
002120 0
002121 0
002122 0
002200 1
002201 0
002202 0
002210 0
002211 0
002212 0
002220 0
002221 0
002222 1
010000 0
010001 0
010002 1
010010 0
010011 0
010012 0
010020 0
010021 0
010022 0
010100 4 HAUSSEE
010101 1
010102 1
010110 5 HELEREZ
010111 1
010112 1
010120 0
010121 0
010122 0
010200 6 HUCHANT
010201 0
010202 3 HOLDUPS
010210 3 HUMILIE
010211 1
010212 0
010220 0
010221 0
010222 1
011000 0
011001 0
011002 1
011010 1
011011 0
011012 0
011020 0
011021 0
011022 0
011100 1
011101 3 HUMAINE
011102 2
011110 0
011111 2
011112 1
011120 0
011121 0
011122 0
011200 2
011201 1
011202 0
011210 0
011211 0
011212 0
011220 0
011221 0
011222 0
012000 0
012001 0
012002 0
012010 0
012011 0
012012 0
012020 0
012021 0
012022 0
012100 1
012101 2
012102 1
012110 3 HYDRURE
012111 1
012112 1
012120 0
012121 0
012122 0
012200 0
012201 0
012202 0
012210 0
012211 0
012212 0
012220 0
012221 0
012222 0
020000 0
020001 0
020002 1
020010 0
020011 0
020012 0
020020 0
020021 0
020022 0
020100 0
020101 1
020102 0
020110 0
020111 0
020112 1
020120 0
020121 0
020122 0
020200 0
020201 0
020202 1
020210 0
020211 0
020212 0
020220 0
020221 0
020222 0
021000 0
021001 0
021002 0
021010 0
021011 0
021012 0
021020 0
021021 0
021022 0
021100 2
021101 0
021102 0
021110 0
021111 0
021112 0
021120 0
021121 0
021122 0
021200 0
021201 0
021202 0
021210 0
021211 0
021212 0
021220 0
021221 0
021222 0
022000 0
022001 0
022002 0
022010 0
022011 0
022012 0
022020 0
022021 0
022022 0
022100 1
022101 0
022102 0
022110 0
022111 0
022112 0
022120 0
022121 0
022122 0
022200 0
022201 0
022202 0
022210 0
022211 0
022212 0
022220 0
022221 0
022222 0
100000 0
100001 1
100002 4 HOLDUPS
100010 3 HOURDAI
100011 0
100012 6 HONGRAI
100020 0
100021 2
100022 0
100100 3 HUMILIE
100101 3 HAUSSEE
100102 7 HOUAMES
100110 3 HALLAGE
100111 2
100112 4 HOLDUPS
100120 0
100121 0
100122 0
100200 0
100201 1
100202 0
100210 0
100211 0
100212 0
100220 4 HUILEES
100221 1
100222 0
101000 3 HAUSSEE
101001 2
101002 7 HILOIRE
101010 4 HALOIDE
101011 1
101012 1
101020 1
101021 0
101022 0
101100 5 HALLAGE
101101 1
101102 0
101110 6 HERBONS
101111 0
101112 4 HESITES
101120 3 HALLAGE
101121 0
101122 0
101200 0
101201 0
101202 0
101210 0
101211 0
101212 0
101220 1
101221 1
101222 0
102000 2
102001 0
102002 0
102010 0
102011 0
102012 0
102020 0
102021 0
102022 0
102100 1
102101 0
102102 0
102110 0
102111 1
102112 0
102120 0
102121 0
102122 0
102200 0
102201 0
102202 0
102210 0
102211 0
102212 0
102220 0
102221 0
102222 0
110000 4 HUCHANT
110001 1
110002 0
110010 5 HAGARDS
110011 0
110012 0
110020 0
110021 0
110022 0
110100 3 HUMERAL
110101 0
110102 4 HOLDUPS
110110 4 HUCHANT
110111 1
110112 3 HUMERAL
110120 1
110121 0
110122 0
110200 1
110201 0
110202 0
110210 0
110211 0
110212 0
110220 0
110221 0
110222 0
111000 6 HUCHANT
111001 2
111002 0
111010 1
111011 0
111012 0
111020 0
111021 0
111022 0
111100 4 HIEBLES
111101 0
111102 1
111110 3 HAUSSEE
111111 1
111112 0
111120 0
111121 0
111122 0
111200 0
111201 0
111202 0
111210 0
111211 0
111212 0
111220 0
111221 0
111222 0
112000 1
112001 0
112002 0
112010 0
112011 0
112012 0
112020 0
112021 0
112022 0
112100 0
112101 2
112102 1
112110 2
112111 0
112112 1
112120 0
112121 0
112122 0
112200 1
112201 0
112202 0
112210 0
112211 0
112212 0
112220 0
112221 0
112222 0
120000 0
120001 0
120002 0
120010 0
120011 0
120012 0
120020 0
120021 0
120022 0
120100 0
120101 0
120102 1
120110 0
120111 0
120112 0
120120 0
120121 0
120122 0
120200 0
120201 0
120202 0
120210 0
120211 0
120212 0
120220 0
120221 0
120222 0
121000 0
121001 0
121002 0
121010 0
121011 0
121012 0
121020 0
121021 0
121022 0
121100 0
121101 0
121102 0
121110 1
121111 0
121112 0
121120 1
121121 0
121122 0
121200 0
121201 0
121202 0
121210 0
121211 0
121212 0
121220 0
121221 0
121222 0
122000 0
122001 0
122002 0
122010 0
122011 0
122012 0
122020 0
122021 0
122022 0
122100 0
122101 0
122102 0
122110 0
122111 0
122112 0
122120 0
122121 0
122122 0
122200 0
122201 0
122202 0
122210 0
122211 0
122212 0
122220 0
122221 0
122222 0
200000 2
200001 1
200002 9 HUMERAL
200010 3 HALLAGE
200011 2
200012 5 HIDALGO
200020 1
200021 0
200022 1
200100 9 HANCHEE
200101 6 HURLIEZ
200102 11 HALENAI
200110 5 HELEREZ
200111 3 HAUSSEE
200112 4 HALLAGE
200120 1
200121 0
200122 2
200200 2
200201 0
200202 3 HOLDUPS
200210 6 HERCHER
200211 0
200212 2
200220 5 HARPAIL
200221 0
200222 1
201000 7 HOCHENT
201001 2
201002 4 HOLDUPS
201010 2
201011 0
201012 7 HARPONS
201020 0
201021 0
201022 1
201100 8 HANDELE
201101 1
201102 1
201110 6 HARPAIL
201111 0
201112 3 HOLDUPS
201120 0
201121 0
201122 0
201200 1
201201 0
201202 0
201210 0
201211 0
201212 0
201220 0
201221 0
201222 0
202000 1
202001 0
202002 2
202010 1
202011 1
202012 1
202020 0
202021 0
202022 0
202100 2
202101 1
202102 3 HOLDUPS
202110 1
202111 0
202112 0
202120 0
202121 0
202122 0
202200 0
202201 0
202202 0
202210 0
202211 0
202212 0
202220 0
202221 0
202222 0
210000 5 HIATALE
210001 2
210002 1
210010 2
210011 0
210012 0
210020 0
210021 1
210022 0
210100 4 HYMENEE
210101 0
210102 4 HIEBLES
210110 1
210111 1
210112 0
210120 0
210121 0
210122 0
210200 5 HIATALE
210201 0
210202 3 HAUSSEE
210210 3 HOLDUPS
210211 0
210212 0
210220 3 HAUSSEE
210221 0
210222 0
211000 5 HELICON
211001 0
211002 2
211010 4 HOLDUPS
211011 0
211012 0
211020 0
211021 0
211022 0
211100 3 HESITEZ
211101 1
211102 0
211110 0
211111 0
211112 0
211120 0
211121 0
211122 0
211200 0
211201 0
211202 0
211210 1
211211 0
211212 0
211220 0
211221 0
211222 0
212000 3 HUMILIE
212001 0
212002 3 HAGARDS
212010 1
212011 0
212012 0
212020 0
212021 0
212022 0
212100 4 HAUSSEE
212101 0
212102 3 HIEBLES
212110 1
212111 0
212112 0
212120 0
212121 0
212122 0
212200 0
212201 0
212202 0
212210 0
212211 0
212212 0
212220 0
212221 0
212222 0
220000 0
220001 0
220002 0
220010 0
220011 0
220012 0
220020 0
220021 0
220022 0
220100 2
220101 1
220102 2
220110 1
220111 0
220112 1
220120 0
220121 0
220122 0
220200 0
220201 0
220202 0
220210 0
220211 0
220212 0
220220 0
220221 0
220222 0
221000 0
221001 0
221002 0
221010 0
221011 0
221012 0
221020 0
221021 0
221022 0
221100 0
221101 0
221102 0
221110 1
221111 0
221112 0
221120 0
221121 0
221122 0
221200 0
221201 0
221202 0
221210 0
221211 0
221212 0
221220 0
221221 0
221222 0
222000 0
222001 0
222002 1
222010 0
222011 0
222012 0
222020 0
222021 0
222022 0
222100 0
222101 0
222102 1
222110 0
222111 0
222112 0
222120 0
222121 0
222122 0
222200 0
222201 0
222202 0
222210 0
222211 0
222212 0
222220 0
222221 0
222222 1