0000000 1
0000001 1
0000002 1
0000010 2
0000011 8 ISOPHASE
0000012 0
0000020 0
0000021 2
0000022 19 ISOLATES
0000100 3 IMMOLAIT
0000101 3 IMPOSAIT
0000102 4 IMPOSAIS
0000110 4 IDIOTYPE
0000111 8 ILOTISME
0000112 1
0000120 0
0000121 0
0000122 6 IMITATES
0000200 0
0000201 2
0000202 1
0000210 8 IMMEDIAT
0000211 5 IDIOTISE
0000212 0
0000220 2
0000221 1
0000222 2
0001000 2
0001001 0
0001002 1
0001010 9 ILLETTRE
0001011 6 IMPOSERA
0001012 5 INDEMNES
0001020 9 IMPROPRE
0001021 2
0001022 7 ISOMERES
0001100 6 IMPRIMAT
0001101 0
0001102 3 IMPRIMAS
0001110 12 IMAGERIE
0001111 5 ISOLERAI
0001112 4 ILOTIERS
0001120 7 IMITEREZ
0001121 1
0001122 8 IRISAMES
0001200 2
0001201 0
0001202 2
0001210 0
0001211 1
0001212 0
0001220 4 INFECTER
0001221 0
0001222 1
0002000 1
0002001 0
0002002 1
0002010 1
0002011 1
0002012 0
0002020 8 ITEREREZ
0002021 0
0002022 3 IMMERGES
0002100 3 IMPARTIR
0002101 0
0002102 1
0002110 2
0002111 1
0002112 1
0002120 0
0002121 0
0002122 0
0002200 0
0002201 1
0002202 0
0002210 4 IMMERITE
0002211 1
0002212 0
0002220 2
0002221 0
0002222 0
0010000 0
0010001 0
0010002 0
0010010 3 ILLEGAUX
0010011 3 ISOLOGUE
0010012 0
0010020 0
0010021 0
0010022 2
0010100 1
0010101 0
0010102 0
0010110 3 ITALIQUE
0010111 1
0010112 0
0010120 0
0010121 0
0010122 3 ILIAQUES
0010200 0
0010201 0
0010202 0
0010210 0
0010211 0
0010212 0
0010220 0
0010221 0
0010222 0
0011000 1
0011001 0
0011002 0
0011010 4 IMPREVUE
0011011 2
0011012 3 IMPREVUS
0011020 2
0011021 0
0011022 1
0011100 3 IRRIGUAT
0011101 0
0011102 3 IRIDIUMS
0011110 3 IBERIQUE
0011111 0
0011112 0
0011120 3 INSERIEZ
0011121 0
0011122 1
0011200 0
0011201 0
0011202 0
0011210 0
0011211 0
0011212 0
0011220 0
0011221 0
0011222 0
0012000 1
0012001 0
0012002 0
0012010 0
0012011 0
0012012 0
0012020 0
0012021 0
0012022 0
0012100 0
0012101 0
0012102 0
0012110 0
0012111 0
0012112 0
0012120 0
0012121 0
0012122 0
0012200 0
0012201 0
0012202 0
0012210 1
0012211 0
0012212 0
0012220 0
0012221 0
0012222 0
0020000 0
0020001 1
0020002 1
0020010 1
0020011 0
0020012 0
0020020 0
0020021 2
0020022 2
0020100 1
0020101 2
0020102 1
0020110 1
0020111 0
0020112 0
0020120 0
0020121 0
0020122 0
0020200 2
0020201 0
0020202 0
0020210 0
0020211 0
0020212 0
0020220 1
0020221 0
0020222 0
0021000 0
0021001 1
0021002 0
0021010 3 IMPUTERA
0021011 1
0021012 0
0021020 0
0021021 1
0021022 0
0021100 0
0021101 0
0021102 0
0021110 0
0021111 0
0021112 0
0021120 0
0021121 0
0021122 0
0021200 0
0021201 0
0021202 0
0021210 0
0021211 0
0021212 0
0021220 0
0021221 0
0021222 0
0022000 0
0022001 0
0022002 0
0022010 1
0022011 0
0022012 0
0022020 0
0022021 0
0022022 1
0022100 0
0022101 0
0022102 0
0022110 0
0022111 0
0022112 0
0022120 0
0022121 0
0022122 0
0022200 0
0022201 0
0022202 0
0022210 0
0022211 0
0022212 0
0022220 0
0022221 0
0022222 0
0100000 1
0100001 0
0100002 2
0100010 0
0100011 2
0100012 0
0100020 2
0100021 0
0100022 2
0100100 1
0100101 2
0100102 1
0100110 1
0100111 0
0100112 0
0100120 1
0100121 2
0100122 1
0100200 0
0100201 0
0100202 0
0100210 2
0100211 0
0100212 0
0100220 0
0100221 0
0100222 0
0101000 0
0101001 0
0101002 0
0101010 0
0101011 2
0101012 1
0101020 1
0101021 0
0101022 0
0101100 0
0101101 0
0101102 0
0101110 0
0101111 0
0101112 1
0101120 1
0101121 1
0101122 0
0101200 0
0101201 0
0101202 0
0101210 0
0101211 0
0101212 0
0101220 0
0101221 0
0101222 0
0102000 0
0102001 0
0102002 0
0102010 0
0102011 0
0102012 0
0102020 0
0102021 0
0102022 0
0102100 0
0102101 0
0102102 0
0102110 0
0102111 0
0102112 0
0102120 0
0102121 0
0102122 0
0102200 0
0102201 0
0102202 0
0102210 0
0102211 0
0102212 0
0102220 0
0102221 0
0102222 0
0110000 0
0110001 0
0110002 0
0110010 1
0110011 0
0110012 0
0110020 0
0110021 0
0110022 0
0110100 0
0110101 0
0110102 0
0110110 0
0110111 0
0110112 0
0110120 0
0110121 0
0110122 0
0110200 0
0110201 0
0110202 0
0110210 0
0110211 0
0110212 0
0110220 0
0110221 0
0110222 0
0111000 0
0111001 0
0111002 0
0111010 0
0111011 0
0111012 0
0111020 0
0111021 0
0111022 0
0111100 0
0111101 0
0111102 0
0111110 0
0111111 0
0111112 0
0111120 0
0111121 0
0111122 0
0111200 0
0111201 0
0111202 0
0111210 0
0111211 0
0111212 0
0111220 1
0111221 0
0111222 0
0112000 0
0112001 0
0112002 0
0112010 1
0112011 0
0112012 0
0112020 0
0112021 0
0112022 0
0112100 0
0112101 0
0112102 0
0112110 0
0112111 0
0112112 0
0112120 0
0112121 0
0112122 0
0112200 0
0112201 0
0112202 0
0112210 0
0112211 0
0112212 0
0112220 0
0112221 0
0112222 0
0120000 0
0120001 0
0120002 0
0120010 0
0120011 0
0120012 0
0120020 0
0120021 0
0120022 0
0120100 0
0120101 0
0120102 0
0120110 0
0120111 0
0120112 0
0120120 0
0120121 0
0120122 0
0120200 0
0120201 0
0120202 0
0120210 0
0120211 0
0120212 0
0120220 0
0120221 0
0120222 0
0121000 0
0121001 0
0121002 0
0121010 0
0121011 0
0121012 0
0121020 0
0121021 0
0121022 0
0121100 0
0121101 0
0121102 0
0121110 0
0121111 0
0121112 0
0121120 0
0121121 0
0121122 0
0121200 0
0121201 0
0121202 0
0121210 0
0121211 0
0121212 0
0121220 0
0121221 0
0121222 0
0122000 0
0122001 0
0122002 0
0122010 0
0122011 0
0122012 0
0122020 0
0122021 0
0122022 0
0122100 0
0122101 0
0122102 0
0122110 0
0122111 0
0122112 0
0122120 0
0122121 0
0122122 0
0122200 0
0122201 0
0122202 0
0122210 0
0122211 0
0122212 0
0122220 0
0122221 0
0122222 0
0200000 0
0200001 0
0200002 0
0200010 0
0200011 0
0200012 0
0200020 0
0200021 0
0200022 0
0200100 0
0200101 0
0200102 0
0200110 0
0200111 1
0200112 0
0200120 0
0200121 0
0200122 0
0200200 0
0200201 0
0200202 0
0200210 0
0200211 0
0200212 0
0200220 0
0200221 0
0200222 0
0201000 0
0201001 0
0201002 0
0201010 0
0201011 0
0201012 0
0201020 0
0201021 0
0201022 0
0201100 0
0201101 0
0201102 0
0201110 0
0201111 0
0201112 0
0201120 0
0201121 0
0201122 0
0201200 0
0201201 0
0201202 0
0201210 0
0201211 0
0201212 0
0201220 0
0201221 0
0201222 0
0202000 0
0202001 0
0202002 0
0202010 0
0202011 0
0202012 0
0202020 0
0202021 0
0202022 0
0202100 0
0202101 0
0202102 0
0202110 0
0202111 0
0202112 0
0202120 0
0202121 0
0202122 0
0202200 0
0202201 0
0202202 0
0202210 0
0202211 0
0202212 0
0202220 0
0202221 0
0202222 0
0210000 0
0210001 0
0210002 0
0210010 0
0210011 0
0210012 0
0210020 0
0210021 0
0210022 0
0210100 0
0210101 0
0210102 0
0210110 0
0210111 0
0210112 0
0210120 0
0210121 0
0210122 0
0210200 0
0210201 0
0210202 0
0210210 0
0210211 0
0210212 0
0210220 0
0210221 0
0210222 0
0211000 0
0211001 0
0211002 0
0211010 0
0211011 0
0211012 0
0211020 0
0211021 0
0211022 0
0211100 0
0211101 0
0211102 0
0211110 0
0211111 0
0211112 0
0211120 0
0211121 0
0211122 0
0211200 0
0211201 0
0211202 0
0211210 0
0211211 0
0211212 0
0211220 0
0211221 0
0211222 0
0212000 0
0212001 0
0212002 0
0212010 0
0212011 0
0212012 0
0212020 0
0212021 0
0212022 0
0212100 0
0212101 0
0212102 0
0212110 0
0212111 0
0212112 0
0212120 0
0212121 0
0212122 0
0212200 0
0212201 0
0212202 0
0212210 0
0212211 0
0212212 0
0212220 0
0212221 0
0212222 0
0220000 0
0220001 0
0220002 0
0220010 0
0220011 0
0220012 0
0220020 0
0220021 0
0220022 0
0220100 0
0220101 0
0220102 0
0220110 0
0220111 0
0220112 0
0220120 0
0220121 0
0220122 0
0220200 0
0220201 0
0220202 0
0220210 0
0220211 0
0220212 0
0220220 0
0220221 0
0220222 0
0221000 0
0221001 0
0221002 0
0221010 0
0221011 0
0221012 0
0221020 0
0221021 0
0221022 0
0221100 0
0221101 0
0221102 0
0221110 0
0221111 0
0221112 0
0221120 0
0221121 0
0221122 0
0221200 0
0221201 0
0221202 0
0221210 0
0221211 0
0221212 0
0221220 0
0221221 0
0221222 0
0222000 0
0222001 0
0222002 0
0222010 0
0222011 0
0222012 0
0222020 0
0222021 0
0222022 0
0222100 0
0222101 0
0222102 0
0222110 0
0222111 0
0222112 0
0222120 0
0222121 0
0222122 0
0222200 0
0222201 0
0222202 0
0222210 0
0222211 0
0222212 0
0222220 0
0222221 0
0222222 0
1000000 2
1000001 1
1000002 4 IMPOSONS
1000010 6 IMPOTENT
1000011 2
1000012 2
1000020 0
1000021 1
1000022 6 IMMONDES
1000100 4 INITIAUX
1000101 2
1000102 8 IONISAIS
1000110 6 IGNIGENE
1000111 4 ISOGENIE
1000112 1
1000120 2
1000121 0
1000122 3 ILIENNES
1000200 2
1000201 0
1000202 2
1000210 4 IDENTITE
1000211 0
1000212 0
1000220 0
1000221 1
1000222 0
1001000 0
1001001 0
1001002 0
1001010 2
1001011 0
1001012 0
1001020 0
1001021 0
1001022 1
1001100 2
1001101 3 IRONISAT
1001102 3 IRONISAS
1001110 1
1001111 5 IRENISTE
1001112 5 IRANIENS
1001120 1
1001121 2
1001122 2
1001200 0
1001201 0
1001202 0
1001210 0
1001211 0
1001212 0
1001220 0
1001221 0
1001222 0
1002000 1
1002001 0
1002002 1
1002010 4 IODERENT
1002011 1
1002012 1
1002020 0
1002021 0
1002022 1
1002100 1
1002101 0
1002102 1
1002110 0
1002111 0
1002112 0
1002120 0
1002121 0
1002122 0
1002200 0
1002201 0
1002202 1
1002210 1
1002211 0
1002212 0
1002220 3 ILLYRIEN
1002221 0
1002222 0
1010000 0
1010001 0
1010002 0
1010010 0
1010011 0
1010012 0
1010020 0
1010021 0
1010022 0
1010100 0
1010101 0
1010102 1
1010110 1
1010111 0
1010112 0
1010120 0
1010121 0
1010122 1
1010200 0
1010201 0
1010202 0
1010210 0
1010211 0
1010212 0
1010220 0
1010221 0
1010222 0
1011000 0
1011001 0
1011002 0
1011010 0
1011011 0
1011012 0
1011020 0
1011021 0
1011022 0
1011100 0
1011101 0
1011102 0
1011110 3 IRENIQUE
1011111 0
1011112 0
1011120 0
1011121 0
1011122 0
1011200 0
1011201 0
1011202 0
1011210 0
1011211 0
1011212 0
1011220 0
1011221 0
1011222 0
1012000 1
1012001 0
1012002 0
1012010 0
1012011 0
1012012 0
1012020 0
1012021 0
1012022 0
1012100 0
1012101 0
1012102 0
1012110 0
1012111 0
1012112 0
1012120 0
1012121 0
1012122 0
1012200 0
1012201 0
1012202 0
1012210 0
1012211 0
1012212 0
1012220 0
1012221 0
1012222 0
1020000 1
1020001 0
1020002 1
1020010 2
1020011 0
1020012 0
1020020 0
1020021 0
1020022 0
1020100 0
1020101 0
1020102 0
1020110 0
1020111 0
1020112 0
1020120 0
1020121 0
1020122 0
1020200 1
1020201 2
1020202 0
1020210 3 IMMUNITE
1020211 1
1020212 0
1020220 0
1020221 0
1020222 1
1021000 0
1021001 0
1021002 0
1021010 0
1021011 0
1021012 0
1021020 0
1021021 0
1021022 0
1021100 0
1021101 0
1021102 0
1021110 0
1021111 0
1021112 0
1021120 0
1021121 0
1021122 0
1021200 0
1021201 0
1021202 0
1021210 0
1021211 0
1021212 0
1021220 0
1021221 0
1021222 0
1022000 0
1022001 0
1022002 0
1022010 0
1022011 0
1022012 0
1022020 0
1022021 0
1022022 0
1022100 0
1022101 0
1022102 0
1022110 0
1022111 0
1022112 0
1022120 0
1022121 0
1022122 0
1022200 0
1022201 0
1022202 0
1022210 0
1022211 0
1022212 0
1022220 0
1022221 0
1022222 0
1100000 0
1100001 0
1100002 2
1100010 0
1100011 1
1100012 0
1100020 0
1100021 0
1100022 0
1100100 0
1100101 0
1100102 0
1100110 1
1100111 0
1100112 0
1100120 0
1100121 0
1100122 0
1100200 0
1100201 0
1100202 0
1100210 0
1100211 1
1100212 0
1100220 0
1100221 0
1100222 0
1101000 0
1101001 0
1101002 0
1101010 0
1101011 0
1101012 0
1101020 0
1101021 0
1101022 0
1101100 0
1101101 0
1101102 0
1101110 0
1101111 0
1101112 1
1101120 0
1101121 1
1101122 0
1101200 0
1101201 0
1101202 0
1101210 0
1101211 0
1101212 0
1101220 0
1101221 0
1101222 0
1102000 0
1102001 0
1102002 0
1102010 0
1102011 0
1102012 0
1102020 0
1102021 0
1102022 0
1102100 0
1102101 0
1102102 0
1102110 0
1102111 0
1102112 0
1102120 0
1102121 0
1102122 0
1102200 0
1102201 0
1102202 0
1102210 0
1102211 0
1102212 0
1102220 0
1102221 0
1102222 0
1110000 0
1110001 0
1110002 0
1110010 0
1110011 0
1110012 0
1110020 0
1110021 0
1110022 0
1110100 0
1110101 0
1110102 0
1110110 1
1110111 0
1110112 0
1110120 0
1110121 0
1110122 0
1110200 0
1110201 0
1110202 0
1110210 0
1110211 0
1110212 0
1110220 0
1110221 0
1110222 0
1111000 0
1111001 0
1111002 0
1111010 0
1111011 0
1111012 0
1111020 0
1111021 0
1111022 0
1111100 0
1111101 0
1111102 0
1111110 0
1111111 0
1111112 0
1111120 0
1111121 0
1111122 0
1111200 0
1111201 0
1111202 0
1111210 0
1111211 0
1111212 0
1111220 0
1111221 0
1111222 0
1112000 0
1112001 0
1112002 0
1112010 0
1112011 0
1112012 0
1112020 0
1112021 0
1112022 0
1112100 0
1112101 0
1112102 0
1112110 0
1112111 0
1112112 0
1112120 0
1112121 0
1112122 0
1112200 0
1112201 0
1112202 0
1112210 0
1112211 0
1112212 0
1112220 0
1112221 0
1112222 0
1120000 0
1120001 0
1120002 0
1120010 0
1120011 0
1120012 0
1120020 0
1120021 0
1120022 0
1120100 0
1120101 0
1120102 1
1120110 0
1120111 0
1120112 0
1120120 0
1120121 0
1120122 0
1120200 0
1120201 0
1120202 0
1120210 0
1120211 0
1120212 0
1120220 0
1120221 0
1120222 0
1121000 0
1121001 0
1121002 0
1121010 0
1121011 0
1121012 0
1121020 0
1121021 0
1121022 0
1121100 0
1121101 0
1121102 0
1121110 0
1121111 0
1121112 0
1121120 0
1121121 0
1121122 0
1121200 0
1121201 0
1121202 0
1121210 0
1121211 0
1121212 0
1121220 0
1121221 0
1121222 0
1122000 0
1122001 0
1122002 0
1122010 0
1122011 0
1122012 0
1122020 0
1122021 0
1122022 0
1122100 0
1122101 0
1122102 0
1122110 0
1122111 0
1122112 0
1122120 0
1122121 0
1122122 0
1122200 0
1122201 0
1122202 0
1122210 0
1122211 0
1122212 0
1122220 0
1122221 0
1122222 0
1200000 0
1200001 0
1200002 0
1200010 0
1200011 0
1200012 0
1200020 0
1200021 0
1200022 0
1200100 0
1200101 0
1200102 1
1200110 0
1200111 0
1200112 0
1200120 0
1200121 0
1200122 0
1200200 0
1200201 0
1200202 0
1200210 0
1200211 0
1200212 0
1200220 0
1200221 0
1200222 0
1201000 0
1201001 0
1201002 0
1201010 0
1201011 0
1201012 0
1201020 0
1201021 0
1201022 0
1201100 0
1201101 0
1201102 0
1201110 0
1201111 0
1201112 0
1201120 0
1201121 0
1201122 0
1201200 0
1201201 0
1201202 0
1201210 0
1201211 0
1201212 0
1201220 0
1201221 0
1201222 0
1202000 0
1202001 0
1202002 0
1202010 0
1202011 0
1202012 0
1202020 0
1202021 0
1202022 0
1202100 0
1202101 0
1202102 0
1202110 0
1202111 0
1202112 0
1202120 0
1202121 0
1202122 0
1202200 0
1202201 0
1202202 0
1202210 0
1202211 0
1202212 0
1202220 0
1202221 0
1202222 0
1210000 0
1210001 0
1210002 0
1210010 0
1210011 0
1210012 0
1210020 0
1210021 0
1210022 0
1210100 0
1210101 0
1210102 0
1210110 0
1210111 0
1210112 0
1210120 0
1210121 0
1210122 0
1210200 0
1210201 0
1210202 0
1210210 0
1210211 0
1210212 0
1210220 0
1210221 0
1210222 0
1211000 0
1211001 0
1211002 0
1211010 0
1211011 0
1211012 0
1211020 0
1211021 0
1211022 0
1211100 0
1211101 0
1211102 0
1211110 0
1211111 0
1211112 0
1211120 0
1211121 0
1211122 0
1211200 0
1211201 0
1211202 0
1211210 0
1211211 0
1211212 0
1211220 0
1211221 0
1211222 0
1212000 0
1212001 0
1212002 0
1212010 0
1212011 0
1212012 0
1212020 0
1212021 0
1212022 0
1212100 0
1212101 0
1212102 0
1212110 0
1212111 0
1212112 0
1212120 0
1212121 0
1212122 0
1212200 0
1212201 0
1212202 0
1212210 0
1212211 0
1212212 0
1212220 0
1212221 0
1212222 0
1220000 0
1220001 0
1220002 0
1220010 0
1220011 0
1220012 0
1220020 0
1220021 0
1220022 0
1220100 0
1220101 0
1220102 0
1220110 0
1220111 0
1220112 0
1220120 0
1220121 0
1220122 0
1220200 0
1220201 0
1220202 0
1220210 0
1220211 0
1220212 0
1220220 0
1220221 0
1220222 0
1221000 0
1221001 0
1221002 0
1221010 0
1221011 0
1221012 0
1221020 0
1221021 0
1221022 0
1221100 0
1221101 0
1221102 0
1221110 0
1221111 0
1221112 0
1221120 0
1221121 0
1221122 0
1221200 0
1221201 0
1221202 0
1221210 0
1221211 0
1221212 0
1221220 0
1221221 0
1221222 0
1222000 0
1222001 0
1222002 0
1222010 0
1222011 0
1222012 0
1222020 0
1222021 0
1222022 0
1222100 0
1222101 0
1222102 0
1222110 0
1222111 0
1222112 0
1222120 0
1222121 0
1222122 0
1222200 0
1222201 0
1222202 0
1222210 0
1222211 0
1222212 0
1222220 0
1222221 0
1222222 0
2000000 4 INNOMMES
2000001 2
2000002 6 INNOVONS
2000010 14 INDOLENT
2000011 6 INTUBAIT
2000012 7 INVITANT
2000020 11 INVENDUE
2000021 4 INFESTEZ
2000022 20 INTENSES
2000100 16 INVITANT
2000101 5 INSOLAIT
2000102 14 IVOIRITE
2000110 19 INVITANT
2000111 9 INTESTIN
2000112 2
2000120 9 INANIMEE
2000121 1
2000122 15 INTIMENT
2000200 3 INVALIDA
2000201 1
2000202 2
2000210 11 IMPEDANT
2000211 8 INSANITE
2000212 2
2000220 11 INENTAME
2000221 1
2000222 5 INGENIAT
2001000 0
2001001 1
2001002 2
2001010 15 INTEGRAL
2001011 4 INTRORSE
2001012 1
2001020 8 INTRORSE
2001021 1
2001022 3 INGRATES
2001100 1
2001101 2
2001102 1
2001110 6 INVITERA
2001111 2
2001112 0
2001120 2
2001121 4 IMMERGER
2001122 1
2001200 0
2001201 0
2001202 1
2001210 0
2001211 1
2001212 0
2001220 2
2001221 0
2001222 1
2002000 1
2002001 0
2002002 1
2002010 11 INFERNAL
2002011 4 INVERSAT
2002012 8 INSERENT
2002020 11 ITEREREZ
2002021 3 IRRADIEE
2002022 7 INSERENT
2002100 3 INFORMAI
2002101 0
2002102 1
2002110 10 INFECTAT
2002111 3 INVERSIF
2002112 5 INFESTAS
2002120 3 INTERNER
2002121 0
2002122 1
2002200 0
2002201 0
2002202 0
2002210 1
2002211 0
2002212 1
2002220 2
2002221 1
2002222 0
2010000 4 INDAGUAT
2010001 1
2010002 6 INFOUTUS
2010010 6 INEDUQUE
2010011 1
2010012 2
2010020 6 INDAGUEZ
2010021 0
2010022 5 INDAGUES
2010100 9 INDIQUAT
2010101 5 INSTITUT
2010102 4 INSOUMIS
2010110 1
2010111 2
2010112 0
2010120 2
2010121 3 INUSITEE
2010122 5 INUSITES
2010200 1
2010201 0
2010202 0
2010210 1
2010211 1
2010212 0
2010220 1
2010221 0
2010222 0
2011000 0
2011001 1
2011002 0
2011010 1
2011011 2
2011012 0
2011020 3 INDAGUER
2011021 0
2011022 1
2011100 2
2011101 1
2011102 0
2011110 3 INTRIQUE
2011111 0
2011112 0
2011120 1
2011121 1
2011122 0
2011200 0
2011201 0
2011202 0
2011210 0
2011211 0
2011212 0
2011220 0
2011221 0
2011222 0
2012000 0
2012001 0
2012002 0
2012010 0
2012011 0
2012012 0
2012020 0
2012021 0
2012022 0
2012100 0
2012101 1
2012102 1
2012110 0
2012111 0
2012112 0
2012120 0
2012121 0
2012122 0
2012200 0
2012201 0
2012202 0
2012210 0
2012211 0
2012212 0
2012220 0
2012221 0
2012222 0
2020000 2
2020001 3 INSULTAT
2020002 4 INSULTAS
2020010 3 INHUMENT
2020011 2
2020012 0
2020020 0
2020021 2
2020022 5 INSULTES
2020100 7 INHUMAIT
2020101 3 INFUSAIT
2020102 5 INTRUSIF
2020110 3 INOUBLIE
2020111 0
2020112 1
2020120 2
2020121 1
2020122 3 INTUITES
2020200 0
2020201 1
2020202 0
2020210 1
2020211 1
2020212 0
2020220 2
2020221 1
2020222 2
2021000 2
2021001 0
2021002 1
2021010 3 INHUMERA
2021011 1
2021012 0
2021020 0
2021021 1
2021022 0
2021100 1
2021101 0
2021102 1
2021110 0
2021111 0
2021112 0
2021120 2
2021121 0
2021122 0
2021200 0
2021201 0
2021202 0
2021210 0
2021211 0
2021212 0
2021220 0
2021221 0
2021222 0
2022000 1
2022001 0
2022002 1
2022010 2
2022011 0
2022012 0
2022020 0
2022021 4 INSERERA
2022022 2
2022100 1
2022101 0
2022102 1
2022110 0
2022111 0
2022112 0
2022120 0
2022121 0
2022122 0
2022200 2
2022201 0
2022202 1
2022210 0
2022211 0
2022212 0
2022220 4 IRRADIEE
2022221 0
2022222 1
2100000 1
2100001 0
2100002 0
2100010 7 INJECTAT
2100011 3 INSTANCE
2100012 3 INFECTAS
2100020 4 INJECTEZ
2100021 0
2100022 4 INJECTIF
2100100 3 INDICANT
2100101 1
2100102 3 INDICONS
2100110 6 INJECTIF
2100111 0
2100112 0
2100120 0
2100121 0
2100122 1
2100200 2
2100201 0
2100202 1
2100210 2
2100211 1
2100212 0
2100220 2
2100221 0
2100222 0
2101000 1
2101001 0
2101002 0
2101010 1
2101011 0
2101012 0
2101020 2
2101021 0
2101022 0
2101100 0
2101101 0
2101102 0
2101110 1
2101111 0
2101112 0
2101120 0
2101121 0
2101122 0
2101200 0
2101201 0
2101202 0
2101210 0
2101211 0
2101212 0
2101220 0
2101221 0
2101222 0
2102000 0
2102001 0
2102002 0
2102010 0
2102011 0
2102012 0
2102020 0
2102021 0
2102022 0
2102100 0
2102101 0
2102102 0
2102110 1
2102111 0
2102112 0
2102120 0
2102121 0
2102122 0
2102200 0
2102201 1
2102202 1
2102210 0
2102211 3 INVERTIR
2102212 0
2102220 0
2102221 0
2102222 0
2110000 2
2110001 1
2110002 1
2110010 4 INOCCUPE
2110011 1
2110012 0
2110020 3 INOCULEZ
2110021 0
2110022 1
2110100 2
2110101 0
2110102 1
2110110 1
2110111 0
2110112 0
2110120 0
2110121 0
2110122 0
2110200 0
2110201 0
2110202 0
2110210 0
2110211 0
2110212 0
2110220 0
2110221 0
2110222 0
2111000 0
2111001 0
2111002 0
2111010 1
2111011 1
2111012 0
2111020 1
2111021 0
2111022 0
2111100 0
2111101 0
2111102 0
2111110 0
2111111 0
2111112 0
2111120 0
2111121 0
2111122 0
2111200 0
2111201 0
2111202 0
2111210 0
2111211 0
2111212 0
2111220 0
2111221 0
2111222 0
2112000 0
2112001 0
2112002 0
2112010 0
2112011 0
2112012 0
2112020 0
2112021 0
2112022 0
2112100 0
2112101 0
2112102 0
2112110 0
2112111 0
2112112 0
2112120 0
2112121 0
2112122 0
2112200 0
2112201 0
2112202 0
2112210 0
2112211 0
2112212 0
2112220 0
2112221 0
2112222 0
2120000 0
2120001 0
2120002 0
2120010 0
2120011 0
2120012 0
2120020 0
2120021 0
2120022 1
2120100 1
2120101 0
2120102 0
2120110 0
2120111 0
2120112 0
2120120 0
2120121 0
2120122 0
2120200 0
2120201 0
2120202 0
2120210 0
2120211 0
2120212 0
2120220 0
2120221 0
2120222 0
2121000 0
2121001 0
2121002 0
2121010 0
2121011 0
2121012 0
2121020 0
2121021 0
2121022 0
2121100 0
2121101 0
2121102 0
2121110 0
2121111 0
2121112 0
2121120 0
2121121 0
2121122 0
2121200 0
2121201 0
2121202 0
2121210 0
2121211 0
2121212 0
2121220 0
2121221 0
2121222 0
2122000 0
2122001 0
2122002 0
2122010 0
2122011 0
2122012 0
2122020 0
2122021 0
2122022 0
2122100 0
2122101 0
2122102 0
2122110 0
2122111 0
2122112 0
2122120 0
2122121 0
2122122 0
2122200 0
2122201 0
2122202 0
2122210 0
2122211 0
2122212 0
2122220 0
2122221 0
2122222 0
2200000 2
2200001 0
2200002 1
2200010 1
2200011 0
2200012 0
2200020 2
2200021 0
2200022 2
2200100 5 INCANTAI
2200101 2
2200102 5 INCITONS
2200110 4 INCENDIE
2200111 1
2200112 0
2200120 2
2200121 0
2200122 3 INCITEES
2200200 0
2200201 1
2200202 3 INSISTAI
2200210 1
2200211 1
2200212 0
2200220 1
2200221 1
2200222 0
2201000 0
2201001 0
2201002 0
2201010 2
2201011 0
2201012 0
2201020 2
2201021 0
2201022 1
2201100 0
2201101 0
2201102 0
2201110 3 INCINERE
2201111 1
2201112 0
2201120 1
2201121 0
2201122 0
2201200 0
2201201 0
2201202 0
2201210 0
2201211 0
2201212 0
2201220 0
2201221 0
2201222 0
2202000 1
2202001 0
2202002 1
2202010 0
2202011 0
2202012 0
2202020 3 IMPROPRE
2202021 0
2202022 1
2202100 1
2202101 0
2202102 0
2202110 0
2202111 0
2202112 0
2202120 0
2202121 0
2202122 0
2202200 0
2202201 0
2202202 0
2202210 0
2202211 0
2202212 0
2202220 0
2202221 0
2202222 0
2210000 1
2210001 0
2210002 2
2210010 2
2210011 1
2210012 0
2210020 0
2210021 0
2210022 3 INCRUSTA
2210100 1
2210101 1
2210102 1
2210110 0
2210111 0
2210112 0
2210120 0
2210121 0
2210122 0
2210200 0
2210201 0
2210202 0
2210210 0
2210211 0
2210212 0
2210220 1
2210221 0
2210222 0
2211000 1
2211001 1
2211002 1
2211010 0
2211011 1
2211012 0
2211020 1
2211021 0
2211022 0
2211100 1
2211101 0
2211102 0
2211110 0
2211111 2
2211112 0
2211120 0
2211121 0
2211122 0
2211200 0
2211201 0
2211202 0
2211210 0
2211211 0
2211212 0
2211220 0
2211221 0
2211222 0
2212000 0
2212001 0
2212002 0
2212010 0
2212011 0
2212012 0
2212020 0
2212021 0
2212022 0
2212100 0
2212101 0
2212102 0
2212110 0
2212111 0
2212112 0
2212120 0
2212121 0
2212122 0
2212200 0
2212201 0
2212202 0
2212210 0
2212211 0
2212212 0
2212220 0
2212221 0
2212222 0
2220000 3 INCULQUA
2220001 0
2220002 2
2220010 2
2220011 0
2220012 0
2220020 2
2220021 0
2220022 3 INCULTES
2220100 2
2220101 0
2220102 1
2220110 0
2220111 0
2220112 0
2220120 0
2220121 0
2220122 1
2220200 0
2220201 0
2220202 0
2220210 0
2220211 0
2220212 0
2220220 1
2220221 0
2220222 0
2221000 0
2221001 0
2221002 0
2221010 1
2221011 0
2221012 0
2221020 1
2221021 0
2221022 0
2221100 0
2221101 0
2221102 0
2221110 0
2221111 0
2221112 0
2221120 0
2221121 0
2221122 0
2221200 0
2221201 0
2221202 0
2221210 0
2221211 0
2221212 0
2221220 0
2221221 0
2221222 0
2222000 1
2222001 0
2222002 1
2222010 0
2222011 0
2222012 0
2222020 3 INSERERA
2222021 0
2222022 1
2222100 1
2222101 0
2222102 0
2222110 0
2222111 0
2222112 0
2222120 0
2222121 0
2222122 0
2222200 0
2222201 0
2222202 0
2222210 0
2222211 0
2222212 0
2222220 0
2222221 0
2222222 1