00000 5 IMAGEA
00001 17 IBERES
00002 10 ILEITE
00010 8 IRITIS
00011 10 IRITIS
00012 8 IBERES
00020 3 INTERS
00021 1
00022 2
00100 0
00101 2
00102 1
00110 0
00111 1
00112 0
00120 0
00121 0
00122 0
00200 2
00201 2
00202 2
00210 0
00211 0
00212 0
00220 0
00221 0
00222 0
01000 10 IMAGOS
01001 5 INTERS
01002 3 INCISA
01010 4 IMPOLI
01011 1
01012 2
01020 2
01021 0
01022 0
01100 3 ISOLAI
01101 3 INTERS
01102 1
01110 1
01111 0
01112 0
01120 0
01121 0
01122 0
01200 0
01201 0
01202 1
01210 0
01211 0
01212 0
01220 0
01221 0
01222 0
02000 4 ISOLAS
02001 8 ISOLER
02002 2
02010 1
02011 0
02012 1
02020 0
02021 0
02022 0
02100 0
02101 0
02102 0
02110 0
02111 0
02112 0
02120 0
02121 0
02122 0
02200 0
02201 0
02202 0
02210 0
02211 0
02212 0
02220 0
02221 0
02222 0
10000 2
10001 1
10002 2
10010 0
10011 3 INTERS
10012 0
10020 0
10021 0
10022 0
10100 0
10101 0
10102 1
10110 0
10111 0
10112 0
10120 0
10121 0
10122 0
10200 1
10201 0
10202 1
10210 1
10211 0
10212 0
10220 0
10221 0
10222 0
11000 4 IODANT
11001 2
11002 2
11010 3 INTERS
11011 1
11012 1
11020 0
11021 0
11022 0
11100 0
11101 0
11102 0
11110 0
11111 0
11112 0
11120 0
11121 0
11122 0
11200 0
11201 0
11202 0
11210 0
11211 0
11212 0
11220 0
11221 0
11222 0
12000 0
12001 2
12002 0
12010 0
12011 0
12012 1
12020 0
12021 0
12022 1
12100 0
12101 0
12102 0
12110 0
12111 0
12112 0
12120 0
12121 0
12122 0
12200 0
12201 0
12202 0
12210 0
12211 0
12212 0
12220 0
12221 0
12222 0
20000 7 INTERS
20001 9 INTERS
20002 12 ITERES
20010 8 INCITA
20011 1
20012 8 IMPACT
20020 3 INTERS
20021 1
20022 1
20100 5 INCISA
20101 2
20102 2
20110 2
20111 0
20112 2
20120 0
20121 0
20122 0
20200 7 INTERS
20201 1
20202 8 ICHORS
20210 0
20211 0
20212 0
20220 3 INCISA
20221 0
20222 0
21000 4 INTERS
21001 0
21002 4 ISLAMS
21010 1
21011 0
21012 0
21020 1
21021 0
21022 0
21100 1
21101 0
21102 1
21110 0
21111 0
21112 0
21120 0
21121 0
21122 0
21200 0
21201 0
21202 0
21210 0
21211 0
21212 0
21220 0
21221 0
21222 0
22000 1
22001 0
22002 1
22010 0
22011 0
22012 0
22020 0
22021 0
22022 0
22100 0
22101 0
22102 0
22110 0
22111 0
22112 0
22120 0
22121 0
22122 0
22200 0
22201 0
22202 0
22210 0
22211 0
22212 0
22220 1
22221 0
22222 1