000000 2
000001 1
000002 3 IMMOLAS
000010 9 ICEBERG
000011 12 IMAGERA
000012 4 IRREELS
000020 5 IODEREZ
000021 3 IRRIGUE
000022 11 IDEALES
000100 4 IMPORTA
000101 1
000102 4 IMPORTS
000110 5 IMPORTE
000111 3 ISOTYPE
000112 1
000120 0
000121 0
000122 3 ICTERES
000200 0
000201 0
000202 0
000210 2
000211 0
000212 0
000220 0
000221 0
000222 2
001000 3 IMPRIMA
001001 2
001002 5 IRISAIS
001010 7 IODERAI
001011 1
001012 1
001020 4 IRIDIEE
001021 2
001022 5 IDIOMES
001100 3 IMITAIT
001101 2
001102 1
001110 2
001111 1
001112 1
001120 3 IMITIEZ
001121 0
001122 1
001200 1
001201 0
001202 0
001210 1
001211 0
001212 0
001220 0
001221 0
001222 2
002000 2
002001 1
002002 1
002010 1
002011 2
002012 0
002020 3 IRRIGUE
002021 0
002022 2
002100 2
002101 0
002102 0
002110 1
002111 0
002112 0
002120 0
002121 0
002122 0
002200 2
002201 0
002202 1
002210 0
002211 0
002212 0
002220 3 ITERIEZ
002221 0
002222 3 ILEITES
010000 0
010001 1
010002 0
010010 3 IMBRULE
010011 1
010012 0
010020 1
010021 0
010022 3 IMPURES
010100 0
010101 0
010102 0
010110 0
010111 0
010112 0
010120 0
010121 0
010122 0
010200 1
010201 0
010202 1
010210 0
010211 0
010212 0
010220 3 INFEREE
010221 0
010222 1
011000 1
011001 0
011002 0
011010 1
011011 1
011012 0
011020 0
011021 0
011022 0
011100 0
011101 0
011102 0
011110 0
011111 0
011112 0
011120 0
011121 0
011122 0
011200 1
011201 0
011202 0
011210 0
011211 0
011212 0
011220 0
011221 0
011222 0
012000 1
012001 0
012002 0
012010 2
012011 0
012012 0
012020 0
012021 0
012022 0
012100 0
012101 0
012102 0
012110 0
012111 0
012112 0
012120 0
012121 0
012122 0
012200 0
012201 0
012202 0
012210 0
012211 0
012212 0
012220 0
012221 0
012222 0
020000 0
020001 0
020002 0
020010 1
020011 0
020012 0
020020 0
020021 0
020022 0
020100 0
020101 0
020102 0
020110 0
020111 0
020112 0
020120 0
020121 0
020122 0
020200 0
020201 0
020202 0
020210 0
020211 0
020212 0
020220 0
020221 0
020222 1
021000 0
021001 0
021002 1
021010 0
021011 0
021012 0
021020 1
021021 0
021022 0
021100 1
021101 0
021102 0
021110 0
021111 0
021112 0
021120 0
021121 0
021122 0
021200 0
021201 0
021202 0
021210 0
021211 0
021212 0
021220 0
021221 0
021222 0
022000 0
022001 0
022002 0
022010 0
022011 0
022012 0
022020 0
022021 0
022022 0
022100 0
022101 0
022102 0
022110 0
022111 0
022112 0
022120 0
022121 0
022122 0
022200 0
022201 0
022202 0
022210 0
022211 0
022212 0
022220 0
022221 0
022222 0
100000 2
100001 0
100002 3 ISOLONS
100010 4 IKEBANA
100011 3 IMMENSE
100012 0
100020 3 INFERER
100021 0
100022 4 IGNAMES
100100 3 IGNORAT
100101 1
100102 2
100110 4 ITERANT
100111 2
100112 1
100120 0
100121 0
100122 0
100200 0
100201 0
100202 0
100210 0
100211 0
100212 0
100220 0
100221 0
100222 0
101000 2
101001 3 ISOSPIN
101002 1
101010 3 IRIENNE
101011 1
101012 0
101020 4 IRANIEN
101021 1
101022 1
101100 2
101101 1
101102 1
101110 1
101111 1
101112 0
101120 1
101121 0
101122 0
101200 0
101201 0
101202 0
101210 0
101211 0
101212 0
101220 0
101221 0
101222 0
102000 1
102001 1
102002 2
102010 0
102011 0
102012 1
102020 0
102021 3 INJURIE
102022 2
102100 0
102101 1
102102 0
102110 1
102111 0
102112 0
102120 0
102121 0
102122 0
102200 0
102201 0
102202 0
102210 0
102211 0
102212 0
102220 0
102221 0
102222 0
110000 0
110001 0
110002 0
110010 0
110011 0
110012 0
110020 0
110021 0
110022 1
110100 0
110101 0
110102 0
110110 0
110111 0
110112 0
110120 0
110121 0
110122 0
110200 0
110201 0
110202 0
110210 0
110211 0
110212 0
110220 0
110221 0
110222 0
111000 0
111001 0
111002 1
111010 1
111011 0
111012 0
111020 0
111021 0
111022 0
111100 0
111101 0
111102 0
111110 0
111111 0
111112 0
111120 0
111121 0
111122 0
111200 0
111201 0
111202 0
111210 0
111211 0
111212 0
111220 0
111221 0
111222 0
112000 0
112001 0
112002 0
112010 1
112011 0
112012 0
112020 0
112021 0
112022 0
112100 0
112101 0
112102 0
112110 0
112111 0
112112 0
112120 0
112121 0
112122 0
112200 0
112201 0
112202 0
112210 0
112211 0
112212 0
112220 0
112221 0
112222 0
120000 0
120001 0
120002 1
120010 0
120011 0
120012 0
120020 0
120021 0
120022 1
120100 1
120101 0
120102 0
120110 1
120111 0
120112 0
120120 0
120121 0
120122 0
120200 0
120201 0
120202 0
120210 0
120211 0
120212 0
120220 0
120221 0
120222 0
121000 0
121001 0
121002 0
121010 0
121011 0
121012 0
121020 0
121021 0
121022 0
121100 0
121101 0
121102 0
121110 0
121111 0
121112 0
121120 0
121121 0
121122 0
121200 0
121201 0
121202 0
121210 0
121211 0
121212 0
121220 0
121221 0
121222 0
122000 0
122001 0
122002 0
122010 0
122011 0
122012 0
122020 0
122021 0
122022 0
122100 0
122101 0
122102 0
122110 0
122111 0
122112 0
122120 0
122121 0
122122 0
122200 0
122201 0
122202 0
122210 0
122211 0
122212 0
122220 0
122221 0
122222 0
200000 4 INCARNA
200001 0
200002 4 INNOVAS
200010 13 INNOMEE
200011 4 INVERSE
200012 4 INSURGE
200020 20 IGNOREE
200021 6 IRRITEE
200022 14 ISORELS
200100 5 INONDAT
200101 2
200102 4 INTRONS
200110 24 INTERNA
200111 6 INSECTE
200112 2
200120 1
200121 0
200122 0
200200 0
200201 0
200202 0
200210 0
200211 0
200212 0
200220 0
200221 0
200222 3 INERTES
201000 5 INFOLIO
201001 3 INSPIRA
201002 1
201010 11 IMAGIER
201011 3 INSPIRE
201012 1
201020 0
201021 0
201022 0
201100 4 INFLUAI
201101 1
201102 2
201110 6 INNEITE
201111 1
201112 1
201120 3 IODUREE
201121 0
201122 1
201200 1
201201 0
201202 0
201210 2
201211 0
201212 0
201220 0
201221 0
201222 0
202000 6 INDICAN
202001 2
202002 6 INDECIS
202010 4 INFINIE
202011 1
202012 1
202020 6 IODUREE
202021 3 INFEREE
202022 5 INCOMBA
202100 5 INCUBAI
202101 2
202102 1
202110 0
202111 1
202112 0
202120 3 IRRIGUE
202121 0
202122 1
202200 4 INCITAT
202201 0
202202 2
202210 0
202211 0
202212 0
202220 6 INNERVE
202221 0
202222 2
210000 7 INOCULA
210001 0
210002 5 IMBRULE
210010 10 IODLERA
210011 2
210012 1
210020 12 INCURIE
210021 3 INFEREE
210022 10 INCLURA
210100 7 INTUBAT
210101 2
210102 2
210110 1
210111 3 INSULTE
210112 0
210120 3 INFEREE
210121 0
210122 1
210200 1
210201 0
210202 0
210210 1
210211 0
210212 0
210220 0
210221 0
210222 0
211000 6 INCLURA
211001 1
211002 0
211010 4 INJURIE
211011 2
211012 0
211020 0
211021 0
211022 2
211100 3 INTUBAI
211101 0
211102 2
211110 3 INDECIS
211111 0
211112 0
211120 1
211121 0
211122 0
211200 0
211201 0
211202 0
211210 0
211211 0
211212 0
211220 0
211221 0
211222 0
212000 2
212001 1
212002 1
212010 1
212011 1
212012 0
212020 0
212021 0
212022 0
212100 0
212101 0
212102 0
212110 0
212111 0
212112 0
212120 0
212121 0
212122 0
212200 0
212201 0
212202 0
212210 0
212211 0
212212 0
212220 0
212221 0
212222 0
220000 0
220001 1
220002 0
220010 0
220011 0
220012 0
220020 0
220021 1
220022 0
220100 0
220101 0
220102 0
220110 0
220111 0
220112 0
220120 0
220121 0
220122 0
220200 0
220201 0
220202 0
220210 0
220211 0
220212 0
220220 0
220221 0
220222 0
221000 0
221001 0
221002 0
221010 1
221011 0
221012 0
221020 0
221021 0
221022 0
221100 0
221101 0
221102 0
221110 1
221111 1
221112 0
221120 0
221121 0
221122 0
221200 0
221201 0
221202 0
221210 0
221211 0
221212 0
221220 0
221221 0
221222 0
222000 0
222001 0
222002 0
222010 0
222011 0
222012 0
222020 0
222021 0
222022 0
222100 0
222101 0
222102 0
222110 0
222111 0
222112 0
222120 0
222121 0
222122 0
222200 0
222201 0
222202 0
222210 0
222211 0
222212 0
222220 0
222221 0
222222 1