000000 2
000001 1
000002 0
000010 6 JAPPERA
000011 5 JASPERA
000012 4 JERSEYS
000020 5 JAVEREZ
000021 1
000022 6 JAMBEES
000100 5 JACOBIN
000101 1
000102 1
000110 11 JABOTAT
000111 2
000112 3 JACKETS
000120 0
000121 0
000122 4 JETAGES
000200 0
000201 0
000202 0
000210 0
000211 1
000212 0
000220 0
000221 0
000222 3 JASATES
001000 2
001001 1
001002 7 JASPAIS
001010 4 JARDINE
001011 2
001012 1
001020 5 JABLIEZ
001021 1
001022 2
001100 5 JOCOLAI
001101 1
001102 1
001110 1
001111 0
001112 1
001120 1
001121 0
001122 0
001200 0
001201 0
001202 0
001210 0
001211 0
001212 0
001220 0
001221 0
001222 0
002000 0
002001 0
002002 0
002010 0
002011 0
002012 0
002020 0
002021 0
002022 0
002100 0
002101 0
002102 0
002110 0
002111 1
002112 0
002120 0
002121 0
002122 0
002200 0
002201 0
002202 0
002210 0
002211 0
002212 0
002220 0
002221 0
002222 0
010000 0
010001 0
010002 2
010010 9 JURANDE
010011 4 JURASSE
010012 7 JURERAS
010020 8 JUREREZ
010021 0
010022 10 JUGEURS
010100 2
010101 0
010102 2
010110 5 JUVENAT
010111 3 JETEUSE
010112 3 JUTERAS
010120 2
010121 0
010122 2
010200 0
010201 0
010202 0
010210 1
010211 0
010212 0
010220 0
010221 0
010222 2
011000 3 JUGULAI
011001 1
011002 1
011010 3 JURERAI
011011 1
011012 1
011020 3 JUCHIEZ
011021 1
011022 1
011100 1
011101 0
011102 0
011110 4 JUGEAIT
011111 2
011112 0
011120 1
011121 0
011122 0
011200 0
011201 0
011202 0
011210 0
011211 0
011212 0
011220 0
011221 0
011222 0
012000 1
012001 0
012002 2
012010 0
012011 0
012012 1
012020 2
012021 0
012022 1
012100 1
012101 0
012102 0
012110 0
012111 1
012112 0
012120 0
012121 0
012122 0
012200 0
012201 1
012202 0
012210 0
012211 0
012212 0
012220 0
012221 0
012222 0
020000 0
020001 0
020002 0
020010 4 JEUNEUR
020011 0
020012 1
020020 0
020021 0
020022 1
020100 0
020101 0
020102 0
020110 4 JAUGENT
020111 0
020112 2
020120 0
020121 0
020122 0
020200 0
020201 0
020202 0
020210 0
020211 0
020212 0
020220 0
020221 0
020222 0
021000 1
021001 0
021002 0
021010 1
021011 0
021012 1
021020 2
021021 0
021022 1
021100 0
021101 0
021102 0
021110 1
021111 0
021112 0
021120 0
021121 0
021122 0
021200 0
021201 0
021202 0
021210 0
021211 0
021212 0
021220 0
021221 0
021222 0
022000 0
022001 0
022002 0
022010 0
022011 0
022012 0
022020 0
022021 0
022022 0
022100 0
022101 0
022102 0
022110 0
022111 0
022112 0
022120 0
022121 0
022122 0
022200 0
022201 0
022202 0
022210 0
022211 0
022212 0
022220 0
022221 0
022222 0
100000 2
100001 0
100002 8 JOBARDA
100010 2
100011 3 JAROSSE
100012 0
100020 1
100021 0
100022 0
100100 1
100101 0
100102 1
100110 1
100111 0
100112 0
100120 0
100121 0
100122 0
100200 1
100201 0
100202 1
100210 0
100211 0
100212 0
100220 3 JOUEREZ
100221 0
100222 1
101000 2
101001 0
101002 0
101010 0
101011 0
101012 0
101020 0
101021 0
101022 0
101100 0
101101 0
101102 0
101110 0
101111 0
101112 0
101120 0
101121 0
101122 0
101200 1
101201 0
101202 0
101210 0
101211 0
101212 0
101220 0
101221 0
101222 0
102000 0
102001 0
102002 2
102010 0
102011 0
102012 0
102020 0
102021 0
102022 0
102100 0
102101 0
102102 0
102110 0
102111 0
102112 1
102120 0
102121 0
102122 0
102200 0
102201 0
102202 0
102210 0
102211 0
102212 0
102220 0
102221 0
102222 0
110000 1
110001 1
110002 3 JACOBUS
110010 2
110011 1
110012 1
110020 0
110021 0
110022 0
110100 1
110101 0
110102 0
110110 1
110111 0
110112 0
110120 0
110121 0
110122 0
110200 0
110201 0
110202 0
110210 0
110211 0
110212 0
110220 0
110221 0
110222 0
111000 1
111001 1
111002 1
111010 0
111011 0
111012 0
111020 0
111021 0
111022 0
111100 0
111101 0
111102 0
111110 0
111111 0
111112 0
111120 0
111121 0
111122 0
111200 0
111201 0
111202 0
111210 0
111211 0
111212 0
111220 0
111221 0
111222 0
112000 0
112001 0
112002 3 JURIONS
112010 1
112011 0
112012 0
112020 0
112021 0
112022 0
112100 0
112101 0
112102 1
112110 0
112111 0
112112 0
112120 0
112121 0
112122 0
112200 0
112201 0
112202 0
112210 0
112211 0
112212 0
112220 0
112221 0
112222 0
120000 0
120001 0
120002 0
120010 0
120011 0
120012 1
120020 0
120021 0
120022 0
120100 0
120101 0
120102 0
120110 0
120111 0
120112 1
120120 0
120121 0
120122 0
120200 0
120201 0
120202 0
120210 0
120211 0
120212 0
120220 0
120221 0
120222 0
121000 0
121001 0
121002 0
121010 0
121011 0
121012 0
121020 0
121021 0
121022 0
121100 0
121101 0
121102 0
121110 0
121111 0
121112 0
121120 0
121121 0
121122 0
121200 0
121201 0
121202 0
121210 0
121211 0
121212 0
121220 0
121221 0
121222 0
122000 0
122001 0
122002 0
122010 0
122011 0
122012 0
122020 0
122021 0
122022 0
122100 0
122101 0
122102 0
122110 0
122111 0
122112 0
122120 0
122121 0
122122 0
122200 0
122201 0
122202 0
122210 0
122211 0
122212 0
122220 0
122221 0
122222 0
200000 1
200001 0
200002 8 JONGLAS
200010 4 JOBELIN
200011 1
200012 3 JOCKEYS
200020 7 JACHERE
200021 0
200022 4 JONCHES
200100 6 JOCOLAT
200101 0
200102 0
200110 3 JUNGIEN
200111 0
200112 0
200120 1
200121 0
200122 0
200200 0
200201 0
200202 0
200210 0
200211 0
200212 0
200220 0
200221 0
200222 0
201000 5 JOCOLAI
201001 0
201002 5 JUNGLES
201010 2
201011 0
201012 0
201020 4 JOIGNEZ
201021 0
201022 1
201100 4 JOIGNIT
201101 0
201102 0
201110 0
201111 0
201112 0
201120 0
201121 0
201122 0
201200 3 JOINTAT
201201 0
201202 1
201210 0
201211 0
201212 0
201220 3 JURANDE
201221 0
201222 1
202000 0
202001 0
202002 1
202010 1
202011 0
202012 1
202020 0
202021 0
202022 0
202100 0
202101 0
202102 0
202110 0
202111 2
202112 1
202120 0
202121 0
202122 0
202200 0
202201 0
202202 0
202210 0
202211 0
202212 0
202220 0
202221 0
202222 0
210000 0
210001 0
210002 0
210010 1
210011 1
210012 0
210020 0
210021 0
210022 1
210100 0
210101 0
210102 0
210110 0
210111 0
210112 0
210120 0
210121 0
210122 0
210200 0
210201 0
210202 0
210210 0
210211 0
210212 0
210220 0
210221 0
210222 0
211000 0
211001 0
211002 0
211010 0
211011 0
211012 0
211020 0
211021 0
211022 0
211100 0
211101 0
211102 0
211110 0
211111 0
211112 0
211120 0
211121 0
211122 0
211200 0
211201 0
211202 0
211210 0
211211 0
211212 0
211220 0
211221 0
211222 0
212000 1
212001 0
212002 0
212010 0
212011 0
212012 0
212020 0
212021 0
212022 0
212100 0
212101 0
212102 0
212110 0
212111 0
212112 0
212120 0
212121 0
212122 0
212200 0
212201 0
212202 0
212210 0
212211 0
212212 0
212220 0
212221 0
212222 0
220000 3 JOURNAL
220001 0
220002 0
220010 1
220011 2
220012 2
220020 2
220021 0
220022 2
220100 1
220101 0
220102 1
220110 3 JOUTEUR
220111 0
220112 0
220120 0
220121 0
220122 0
220200 1
220201 0
220202 1
220210 1
220211 0
220212 0
220220 3 JOUEREZ
220221 0
220222 2
221000 0
221001 0
221002 0
221010 2
221011 0
221012 0
221020 0
221021 0
221022 0
221100 1
221101 0
221102 1
221110 0
221111 0
221112 0
221120 1
221121 0
221122 0
221200 1
221201 0
221202 0
221210 0
221211 0
221212 0
221220 0
221221 0
221222 0
222000 1
222001 0
222002 2
222010 0
222011 1
222012 0
222020 1
222021 0
222022 1
222100 0
222101 0
222102 0
222110 0
222111 0
222112 0
222120 0
222121 0
222122 0
222200 0
222201 0
222202 0
222210 0
222211 0
222212 0
222220 0
222221 0
222222 1