00000 11 JODLAI
00001 1
00002 12 JASPAI
00010 5 JAVART
00011 2
00012 3 JAVAIS
00020 15 JOBARD
00021 5 JURIEZ
00022 12 JOBARD
00100 8 JOVIAL
00101 2
00102 2
00110 3 JAVAIS
00111 1
00112 1
00120 4 JONCAI
00121 1
00122 1
00200 2
00201 0
00202 1
00210 0
00211 0
00212 0
00220 4 JETEUR
00221 0
00222 3 JACTES
01000 4 JUDOGI
01001 1
01002 5 JALAPS
01010 1
01011 0
01012 0
01020 1
01021 0
01022 1
01100 2
01101 1
01102 1
01110 3 JOUEES
01111 1
01112 1
01120 0
01121 0
01122 0
01200 0
01201 0
01202 0
01210 0
01211 0
01212 0
01220 0
01221 0
01222 0
02000 3 JACTAS
02001 0
02002 1
02010 3 JUGIEZ
02011 0
02012 1
02020 3 JEUNEZ
02021 0
02022 1
02100 1
02101 0
02102 0
02110 0
02111 0
02112 0
02120 0
02121 0
02122 0
02200 0
02201 0
02202 0
02210 0
02211 0
02212 0
02220 0
02221 0
02222 1
10000 6 JAVAIS
10001 0
10002 2
10010 5 JUGULA
10011 1
10012 1
10020 5 JOUERA
10021 0
10022 4 JOUEES
10100 2
10101 0
10102 0
10110 2
10111 0
10112 1
10120 0
10121 0
10122 0
10200 2
10201 0
10202 1
10210 0
10211 0
10212 0
10220 2
10221 0
10222 1
11000 1
11001 0
11002 2
11010 2
11011 0
11012 1
11020 2
11021 0
11022 2
11100 2
11101 0
11102 0
11110 3 JOUEES
11111 0
11112 0
11120 2
11121 0
11122 0
11200 0
11201 0
11202 0
11210 0
11211 0
11212 0
11220 0
11221 0
11222 0
12000 0
12001 0
12002 0
12010 1
12011 0
12012 0
12020 0
12021 0
12022 0
12100 0
12101 0
12102 0
12110 0
12111 0
12112 0
12120 0
12121 0
12122 0
12200 0
12201 0
12202 0
12210 0
12211 0
12212 0
12220 0
12221 0
12222 0
20000 6 JUGULA
20001 0
20002 3 JAVAIS
20010 13 JUGULA
20011 1
20012 3 JUGULA
20020 5 JURIEZ
20021 0
20022 5 JAVERA
20100 4 JUTAIS
20101 0
20102 3 JAVAIS
20110 4 JIGGER
20111 0
20112 0
20120 1
20121 0
20122 0
20200 0
20201 0
20202 0
20210 0
20211 0
20212 0
20220 0
20221 0
20222 1
21000 0
21001 0
21002 2
21010 0
21011 0
21012 0
21020 1
21021 0
21022 0
21100 2
21101 1
21102 1
21110 4 JUGERA
21111 0
21112 0
21120 0
21121 0
21122 0
21200 0
21201 0
21202 0
21210 0
21211 0
21212 0
21220 0
21221 0
21222 0
22000 1
22001 0
22002 1
22010 2
22011 0
22012 0
22020 1
22021 0
22022 0
22100 0
22101 0
22102 0
22110 0
22111 0
22112 0
22120 0
22121 0
22122 0
22200 0
22201 0
22202 0
22210 0
22211 0
22212 0
22220 0
22221 0
22222 1