000000 1
000001 0
000002 2
000010 7 LOUREES
000011 8 LOUGRES
000012 5 LOUGRES
000020 21 LEURREE
000021 2
000022 27 LOUREES
000100 1
000101 0
000102 7 LOUPERA
000110 4 LUMIERE
000111 0
000112 6 LENTEUR
000120 5 LUMIERE
000121 0
000122 7 LEGUERA
000200 1
000201 0
000202 0
000210 2
000211 0
000212 0
000220 3 LITEREZ
000221 0
000222 2
001000 2
001001 1
001002 3 LILLOIS
001010 12 LOCULEE
001011 4 LOSEUSE
001012 2
001020 25 LOUEREZ
001021 7 LICITER
001022 21 LEPREUX
001100 3 LUGEREZ
001101 1
001102 7 LICTEUR
001110 12 LINGUAL
001111 1
001112 7 LEGHORN
001120 5 LINGAMS
001121 1
001122 4 LANUGOS
001200 0
001201 0
001202 1
001210 1
001211 0
001212 0
001220 4 LICORNE
001221 0
001222 3 LESAMES
002000 0
002001 0
002002 1
002010 9 LOUQUER
002011 5 LUMIERE
002012 4 LESAMES
002020 3 LUMIERE
002021 0
002022 4 LOUPEES
002100 0
002101 0
002102 14 LOUGRES
002110 2
002111 0
002112 6 LYCOSES
002120 0
002121 0
002122 0
002200 1
002201 0
002202 1
002210 0
002211 0
002212 0
002220 0
002221 2
002222 3 LUGEREZ
010000 1
010001 0
010002 0
010010 10 LOUPERA
010011 1
010012 2
010020 1
010021 3 LUGEREZ
010022 4 LUGEREZ
010100 0
010101 0
010102 0
010110 12 LOGUERA
010111 2
010112 2
010120 1
010121 0
010122 0
010200 0
010201 0
010202 0
010210 0
010211 0
010212 0
010220 0
010221 0
010222 0
011000 2
011001 1
011002 0
011010 10 LURETTE
011011 1
011012 3 LEVEREZ
011020 5 LOTERIE
011021 2
011022 3 LISTAIS
011100 2
011101 1
011102 3 LENIFIA
011110 16 LENTEUR
011111 3 LISTAIS
011112 2
011120 1
011121 0
011122 0
011200 0
011201 0
011202 0
011210 0
011211 0
011212 0
011220 0
011221 0
011222 0
012000 1
012001 0
012002 1
012010 1
012011 2
012012 0
012020 8 LUMIERE
012021 0
012022 4 LICITAS
012100 0
012101 0
012102 0
012110 1
012111 0
012112 0
012120 0
012121 0
012122 0
012200 0
012201 0
012202 0
012210 0
012211 0
012212 0
012220 0
012221 0
012222 0
020000 0
020001 0
020002 0
020010 1
020011 0
020012 0
020020 2
020021 0
020022 1
020100 0
020101 0
020102 1
020110 2
020111 0
020112 1
020120 0
020121 0
020122 0
020200 0
020201 0
020202 0
020210 0
020211 0
020212 0
020220 0
020221 0
020222 0
021000 1
021001 0
021002 1
021010 3 LITERAI
021011 1
021012 1
021020 3 LITERAI
021021 0
021022 1
021100 0
021101 0
021102 2
021110 3 LITERAI
021111 0
021112 0
021120 0
021121 0
021122 0
021200 0
021201 0
021202 0
021210 0
021211 0
021212 0
021220 0
021221 0
021222 0
022000 0
022001 0
022002 0
022010 2
022011 1
022012 1
022020 1
022021 0
022022 3 LINGAMS
022100 0
022101 0
022102 3 LOUPANT
022110 0
022111 0
022112 0
022120 0
022121 0
022122 0
022200 0
022201 0
022202 0
022210 0
022211 0
022212 0
022220 3 LUMIERE
022221 0
022222 1
100000 5 LUMIERE
100001 0
100002 3 LICITAS
100010 19 LEURRER
100011 9 LOUVOYA
100012 15 LOGEUSE
100020 0
100021 0
100022 14 LEUCOME
100100 0
100101 0
100102 3 LOSEUSE
100110 4 LUTTENT
100111 0
100112 1
100120 0
100121 0
100122 0
100200 2
100201 0
100202 1
100210 2
100211 1
100212 0
100220 0
100221 0
100222 1
101000 4 LICITAS
101001 0
101002 16 LOUGRES
101010 23 LIBERER
101011 8 LIMEUSE
101012 10 LUMBAGO
101020 3 LARRONS
101021 0
101022 10 LIMAGES
101100 8 LUCIOLE
101101 1
101102 2
101110 12 LIGNINE
101111 1
101112 2
101120 1
101121 0
101122 0
101200 3 LITERAI
101201 0
101202 2
101210 1
101211 0
101212 0
101220 0
101221 0
101222 0
102000 1
102001 0
102002 0
102010 3 LUNCHAI
102011 0
102012 0
102020 1
102021 0
102022 0
102100 0
102101 1
102102 0
102110 1
102111 0
102112 0
102120 0
102121 0
102122 0
102200 1
102201 0
102202 0
102210 0
102211 1
102212 1
102220 0
102221 0
102222 0
110000 2
110001 2
110002 1
110010 4 LOUPANT
110011 2
110012 1
110020 0
110021 0
110022 9 LOUVOYA
110100 9 LOUPERA
110101 0
110102 0
110110 5 LOSEUSE
110111 1
110112 0
110120 0
110121 0
110122 0
110200 1
110201 0
110202 0
110210 0
110211 0
110212 1
110220 0
110221 0
110222 0
111000 18 LOURAIT
111001 4 LISTAIS
111002 3 LESTAGE
111010 8 LEVRAUT
111011 5 LITERAI
111012 1
111020 0
111021 0
111022 2
111100 6 LICTEUR
111101 3 LOSEUSE
111102 0
111110 2
111111 0
111112 0
111120 0
111121 0
111122 1
111200 1
111201 0
111202 0
111210 0
111211 0
111212 0
111220 0
111221 0
111222 0
112000 4 LICITAT
112001 0
112002 3 LINGAMS
112010 3 LICITAS
112011 0
112012 1
112020 0
112021 0
112022 0
112100 0
112101 0
112102 0
112110 1
112111 0
112112 0
112120 0
112121 0
112122 0
112200 0
112201 0
112202 0
112210 0
112211 1
112212 0
112220 0
112221 0
112222 0
120000 0
120001 0
120002 0
120010 3 LUMIERE
120011 1
120012 1
120020 0
120021 0
120022 4 LEGATOS
120100 1
120101 0
120102 0
120110 0
120111 0
120112 0
120120 0
120121 0
120122 0
120200 0
120201 0
120202 0
120210 0
120211 0
120212 0
120220 0
120221 0
120222 0
121000 1
121001 0
121002 2
121010 4 LITERAI
121011 1
121012 1
121020 0
121021 0
121022 2
121100 0
121101 0
121102 0
121110 0
121111 0
121112 0
121120 0
121121 0
121122 0
121200 0
121201 0
121202 0
121210 1
121211 0
121212 0
121220 0
121221 0
121222 0
122000 1
122001 0
122002 1
122010 0
122011 0
122012 0
122020 0
122021 0
122022 0
122100 0
122101 0
122102 0
122110 0
122111 0
122112 0
122120 0
122121 0
122122 0
122200 2
122201 0
122202 1
122210 0
122211 0
122212 0
122220 0
122221 0
122222 0
200000 6 LEUCOME
200001 0
200002 6 LURONNE
200010 19 LUGUBRE
200011 9 LEUCOME
200012 10 LOMBRIC
200020 10 LYREREZ
200021 3 LITEREZ
200022 19 LEMURES
200100 0
200101 0
200102 10 LANCEUR
200110 5 LICITER
200111 1
200112 3 LYCEENS
200120 1
200121 0
200122 3 LESTAGE
200200 1
200201 0
200202 0
200210 3 LAITAGE
200211 0
200212 0
200220 0
200221 0
200222 3 LACHEUR
201000 2
201001 4 LITERAI
201002 10 LASCARS
201010 12 LIMPIDE
201011 3 LICITAS
201012 1
201020 8 LEMURES
201021 4 LUNAIRE
201022 3 LUNCHAI
201100 4 LENIFIA
201101 0
201102 8 LINCOIR
201110 8 LUNAIRE
201111 0
201112 0
201120 6 LICITER
201121 0
201122 1
201200 0
201201 0
201202 0
201210 0
201211 0
201212 0
201220 0
201221 0
201222 0
202000 3 LITERAI
202001 0
202002 2
202010 3 LUMIERE
202011 1
202012 1
202020 3 LOURDEZ
202021 0
202022 3 LOUPEES
202100 0
202101 0
202102 5 LYCOPES
202110 1
202111 0
202112 1
202120 0
202121 0
202122 1
202200 3 LUMINOL
202201 0
202202 2
202210 1
202211 0
202212 0
202220 5 LUMIERE
202221 0
202222 3 LIMANDA
210000 1
210001 1
210002 1
210010 9 LOUVETE
210011 2
210012 0
210020 2
210021 0
210022 6 LACRYMO
210100 6 LUNCHER
210101 1
210102 0
210110 8 LANCERA
210111 1
210112 0
210120 1
210121 0
210122 0
210200 0
210201 0
210202 1
210210 4 LOSEUSE
210211 0
210212 0
210220 0
210221 0
210222 0
211000 5 LEPREUX
211001 2
211002 2
211010 3 LACHERA
211011 0
211012 0
211020 1
211021 0
211022 2
211100 4 LOUSTIC
211101 1
211102 1
211110 1
211111 0
211112 0
211120 1
211121 0
211122 0
211200 0
211201 0
211202 0
211210 0
211211 0
211212 0
211220 0
211221 0
211222 0
212000 2
212001 0
212002 0
212010 0
212011 2
212012 0
212020 0
212021 0
212022 1
212100 0
212101 0
212102 0
212110 0
212111 1
212112 0
212120 0
212121 0
212122 0
212200 2
212201 0
212202 0
212210 0
212211 0
212212 0
212220 0
212221 0
212222 0
220000 0
220001 0
220002 0
220010 3 LITERAI
220011 0
220012 0
220020 0
220021 0
220022 1
220100 1
220101 0
220102 1
220110 1
220111 0
220112 0
220120 0
220121 0
220122 0
220200 0
220201 0
220202 0
220210 2
220211 0
220212 1
220220 0
220221 0
220222 0
221000 1
221001 0
221002 1
221010 0
221011 0
221012 0
221020 1
221021 0
221022 1
221100 0
221101 0
221102 0
221110 0
221111 0
221112 0
221120 0
221121 0
221122 0
221200 0
221201 0
221202 0
221210 0
221211 0
221212 0
221220 0
221221 0
221222 0
222000 0
222001 0
222002 0
222010 0
222011 0
222012 0
222020 0
222021 0
222022 0
222100 0
222101 0
222102 0
222110 0
222111 0
222112 0
222120 0
222121 0
222122 0
222200 0
222201 0
222202 2
222210 0
222211 0
222212 0
222220 0
222221 0
222222 1