00000 7 LOUBAR
00001 59 LOURES
00002 28 LEMURE
00010 1
00011 6 LEPRES
00012 6 LUGEUR
00020 8 LOUBAR
00021 5 LOASES
00022 2
00100 6 LOGEUR
00101 31 LUCRES
00102 18 LUCRES
00110 1
00111 11 LEGERS
00112 4 LIEGEA
00120 6 LINIER
00121 0
00122 3 LYCOSE
00200 2
00201 22 LISEUR
00202 4 LIVING
00210 1
00211 5 LOURDS
00212 0
00220 5 LUPINS
00221 0
00222 3 LESTAS
01000 0
01001 7 LEMURS
01002 4 LUNURE
01010 0
01011 3 LOTOIS
01012 0
01020 0
01021 12 LOUVER
01022 0
01100 3 LEGION
01101 9 LASSER
01102 3 LYCOSE
01110 2
01111 2
01112 0
01120 1
01121 3 LEMURS
01122 0
01200 1
01201 0
01202 4 LEMURS
01210 0
01211 0
01212 0
01220 0
01221 0
01222 0
02000 0
02001 5 LUSTRA
02002 1
02010 0
02011 1
02012 0
02020 1
02021 1
02022 0
02100 3 LIEGES
02101 3 LAYEES
02102 1
02110 2
02111 0
02112 0
02120 1
02121 1
02122 0
02200 0
02201 4 LOURDA
02202 1
02210 1
02211 0
02212 0
02220 1
02221 0
02222 1
10000 14 LOURDS
10001 21 LOUEES
10002 5 LOCALE
10010 4 LYCOSE
10011 1
10012 0
10020 2
10021 0
10022 1
10100 32 LOURAS
10101 15 LEMURS
10102 8 LISAGE
10110 6 LEGUAS
10111 4 LAVEES
10112 0
10120 3 LEMURS
10121 0
10122 0
10200 1
10201 0
10202 0
10210 0
10211 0
10212 0
10220 0
10221 1
10222 0
11000 9 LOUPER
11001 8 LEGUAS
11002 0
11010 0
11011 0
11012 0
11020 7 LOUVAS
11021 2
11022 0
11100 22 LOISIR
11101 4 LIVRAI
11102 0
11110 2
11111 0
11112 1
11120 3 LEMURS
11121 0
11122 0
11200 3 LUPOME
11201 1
11202 0
11210 0
11211 0
11212 0
11220 0
11221 0
11222 0
12000 2
12001 3 LEMURS
12002 2
12010 0
12011 0
12012 0
12020 1
12021 0
12022 0
12100 6 LUTTAI
12101 2
12102 0
12110 0
12111 0
12112 0
12120 1
12121 0
12122 0
12200 1
12201 0
12202 0
12210 0
12211 0
12212 0
12220 1
12221 0
12222 0
20000 15 LASURA
20001 41 LUCRES
20002 14 LUCRES
20010 7 LOURDA
20011 10 LASCAR
20012 3 LOGEUR
20020 7 LYCOPE
20021 1
20022 3 LYCOSE
20100 19 LASURA
20101 3 LUIREZ
20102 3 LACHAS
20110 7 LIVRAI
20111 3 LAIRDS
20112 1
20120 0
20121 0
20122 0
20200 4 LAPERA
20201 9 LOMPES
20202 3 LYDIEN
20210 0
20211 1
20212 1
20220 4 LIPASE
20221 0
20222 3 LIPIDE
21000 6 LEMURS
21001 3 LASSEE
21002 1
21010 1
21011 0
21012 0
21020 5 LYMPHE
21021 5 LYMPHE
21022 0
21100 7 LIMACE
21101 1
21102 2
21110 2
21111 0
21112 0
21120 0
21121 1
21122 0
21200 0
21201 0
21202 2
21210 0
21211 0
21212 0
21220 0
21221 0
21222 0
22000 2
22001 3 LEMURS
22002 2
22010 0
22011 0
22012 0
22020 0
22021 1
22022 0
22100 2
22101 0
22102 1
22110 0
22111 0
22112 0
22120 0
22121 0
22122 0
22200 0
22201 0
22202 0
22210 0
22211 0
22212 0
22220 3 LOTOIS
22221 0
22222 1