00000 7 MOGHOL
00001 1
00002 8 MOBLOT
00010 35 MULOTE
00011 10 MASSUE
00012 13 MELENT
00020 26 MULOTE
00021 2
00022 31 MOUTON
00100 10 MOULIN
00101 3 MODULE
00102 17 MUSENT
00110 18 MINOTS
00111 7 MOLENE
00112 2
00120 3 MODULE
00121 3 MODULE
00122 13 MISENT
00200 3 MORNEE
00201 0
00202 3 MOITIR
00210 17 MINUTA
00211 2
00212 2
00220 10 MINUTE
00221 2
00222 5 MURGEE
01000 3 MORNEE
01001 0
01002 2
01010 15 MONEME
01011 3 MODULE
01012 4 MODULE
01020 15 MOULER
01021 2
01022 3 MUTEES
01100 7 MOULUT
01101 2
01102 1
01110 7 MINUTA
01111 1
01112 2
01120 8 MOURRE
01121 1
01122 3 MUGUET
01200 0
01201 0
01202 0
01210 1
01211 0
01212 0
01220 3 MUTEES
01221 0
01222 0
02000 1
02001 0
02002 2
02010 12 MODULE
02011 1
02012 3 MOULEE
02020 10 MEULEZ
02021 0
02022 11 MENUET
02100 3 MODULE
02101 0
02102 2
02110 3 MUTEES
02111 0
02112 1
02120 0
02121 0
02122 1
02200 1
02201 0
02202 2
02210 2
02211 1
02212 0
02220 3 MOULER
02221 0
02222 1
10000 18 MOULAT
10001 7 MUSCAT
10002 11 MUSANT
10010 29 MOLENE
10011 8 MODULE
10012 3 MOLLIS
10020 0
10021 0
10022 3 MUTEES
10100 27 MUTONS
10101 7 MOITIR
10102 14 MUSANT
10110 12 MELANT
10111 2
10112 3 MANUEL
10120 0
10121 0
10122 0
10200 6 MODULE
10201 0
10202 0
10210 7 MEFONT
10211 2
10212 3 MODULE
10220 0
10221 0
10222 0
11000 7 MODULE
11001 1
11002 1
11010 8 MELANT
11011 2
11012 2
11020 0
11021 0
11022 0
11100 10 MIGRAT
11101 0
11102 2
11110 7 MIMANT
11111 1
11112 0
11120 0
11121 0
11122 0
11200 2
11201 0
11202 0
11210 2
11211 0
11212 0
11220 0
11221 0
11222 0
12000 7 MUTERA
12001 0
12002 1
12010 9 MULOTA
12011 0
12012 1
12020 1
12021 0
12022 0
12100 3 MILITE
12101 0
12102 2
12110 3 MODULE
12111 0
12112 0
12120 0
12121 0
12122 0
12200 1
12201 0
12202 0
12210 1
12211 0
12212 0
12220 0
12221 0
12222 0
20000 28 MULOTA
20001 3 MODULE
20002 24 MAGNAT
20010 18 MANAGE
20011 2
20012 1
20020 20 MINUTE
20021 2
20022 16 MENTAL
20100 14 MUCHAT
20101 4 MOLLIT
20102 9 MODULE
20110 3 MORNEE
20111 0
20112 0
20120 0
20121 0
20122 0
20200 5 MOMENT
20201 0
20202 6 MOFLAT
20210 6 MENTAL
20211 0
20212 0
20220 4 MANQUE
20221 0
20222 4 MIMANT
21000 8 MALTAI
21001 0
21002 4 MANTRA
21010 9 MULETA
21011 1
21012 2
21020 10 MENTHE
21021 3 MINUTA
21022 3 MODULE
21100 3 MATINE
21101 0
21102 1
21110 6 MAITRE
21111 0
21112 0
21120 0
21121 0
21122 1
21200 1
21201 0
21202 0
21210 0
21211 0
21212 0
21220 1
21221 0
21222 0
22000 13 MOURRA
22001 0
22002 2
22010 5 MATURA
22011 0
22012 0
22020 12 METRER
22021 0
22022 5 MUTENT
22100 5 MANDAT
22101 0
22102 5 MODALE
22110 1
22111 0
22112 0
22120 0
22121 0
22122 0
22200 5 MOFLAI
22201 0
22202 2
22210 1
22211 0
22212 0
22220 3 MENTEZ
22221 0
22222 1