000000 0
000001 0
000002 5 MULOTER
000010 20 MULETTE
000011 8 MULOTER
000012 4 MATELAS
000020 22 MOUFTEZ
000021 13 MUSELEE
000022 37 MEULENT
000100 1
000101 1
000102 11 MUTUELS
000110 19 MENTHOL
000111 3 MINIMUM
000112 5 MENUETS
000120 0
000121 1
000122 5 MODELAT
000200 0
000201 0
000202 0
000210 7 MULOTER
000211 0
000212 2
000220 0
000221 0
000222 2
001000 1
001001 2
001002 3 MUSSIVE
001010 9 MEPLATE
001011 7 MEUVENT
001012 5 MISEREZ
001020 14 MOUETTE
001021 6 MOUDREZ
001022 13 MOLESTE
001100 6 MUNTJAC
001101 4 MILKBAR
001102 9 MOUTONS
001110 14 MELODIE
001111 7 MASSIEZ
001112 2
001120 8 MITONNE
001121 1
001122 2
001200 1
001201 0
001202 0
001210 1
001211 0
001212 0
001220 0
001221 0
001222 1
002000 0
002001 0
002002 2
002010 13 MODULEE
002011 10 MEUGLAT
002012 1
002020 10 MITONNE
002021 1
002022 20 MEUGLAT
002100 1
002101 0
002102 10 MENTAUX
002110 2
002111 3 MENTONS
002112 3 MOUFLAI
002120 2
002121 0
002122 3 MULOTER
002200 0
002201 0
002202 0
002210 1
002211 0
002212 0
002220 2
002221 0
002222 5 MITRAUX
010000 1
010001 0
010002 0
010010 12 MOUETTE
010011 1
010012 4 MOURREZ
010020 22 MOUFLEZ
010021 10 MELISSE
010022 9 MOTEURS
010100 0
010101 0
010102 2
010110 11 MOUFTER
010111 2
010112 4 MITONNA
010120 4 MAZDEEN
010121 1
010122 2
010200 0
010201 0
010202 0
010210 0
010211 0
010212 0
010220 0
010221 0
010222 0
011000 2
011001 0
011002 2
011010 14 METEORE
011011 4 MOITIRA
011012 2
011020 14 MOUTIER
011021 3 MOITIEZ
011022 5 MODERAT
011100 1
011101 0
011102 4 MOCHETE
011110 6 MULOTER
011111 0
011112 2
011120 7 MOURREZ
011121 0
011122 1
011200 0
011201 0
011202 0
011210 0
011211 0
011212 0
011220 0
011221 0
011222 0
012000 0
012001 0
012002 0
012010 1
012011 0
012012 1
012020 8 MAGOTEE
012021 1
012022 0
012100 1
012101 0
012102 0
012110 1
012111 0
012112 1
012120 1
012121 0
012122 0
012200 0
012201 0
012202 0
012210 0
012211 0
012212 0
012220 1
012221 0
012222 0
020000 0
020001 0
020002 0
020010 12 MODELEE
020011 1
020012 3 MORDAIS
020020 7 MEULEUR
020021 0
020022 8 MODULOR
020100 1
020101 0
020102 2
020110 4 MEULERA
020111 0
020112 2
020120 0
020121 0
020122 1
020200 0
020201 0
020202 0
020210 0
020211 0
020212 0
020220 0
020221 0
020222 2
021000 0
021001 0
021002 2
021010 4 MELATES
021011 2
021012 1
021020 8 MEDITER
021021 0
021022 0
021100 3 MITONNA
021101 0
021102 0
021110 1
021111 0
021112 1
021120 0
021121 0
021122 0
021200 0
021201 0
021202 0
021210 0
021211 0
021212 0
021220 0
021221 0
021222 0
022000 0
022001 0
022002 0
022010 1
022011 2
022012 1
022020 4 MOZETTE
022021 0
022022 4 MENTONS
022100 0
022101 0
022102 3 MOITIEZ
022110 0
022111 0
022112 0
022120 0
022121 0
022122 0
022200 0
022201 0
022202 0
022210 0
022211 0
022212 1
022220 0
022221 0
022222 1
100000 5 MOUFLAI
100001 3 MOUCHEZ
100002 12 MOUFLAI
100010 19 MOUETTA
100011 13 MUSCLEE
100012 14 MUSCLAT
100020 1
100021 1
100022 10 MEGOTAT
100100 11 MUTILAT
100101 2
100102 0
100110 15 MONTURE
100111 1
100112 1
100120 5 MAZEAGE
100121 0
100122 7 MACADAM
100200 0
100201 0
100202 1
100210 5 MITONNA
100211 1
100212 2
100220 0
100221 0
100222 2
101000 18 MOUFLAI
101001 5 MULOTER
101002 17 MOUFLAT
101010 15 MONTAGE
101011 7 MUSATES
101012 5 MELATES
101020 2
101021 0
101022 14 MIMATES
101100 10 MOITIRA
101101 1
101102 4 MORDAIS
101110 9 MUTANTE
101111 3 MITONNA
101112 2
101120 0
101121 0
101122 3 MANGENT
101200 1
101201 0
101202 0
101210 0
101211 0
101212 0
101220 0
101221 0
101222 0
102000 10 MODELAI
102001 2
102002 3 MITONNA
102010 7 MOUSSAT
102011 6 MOUSSAT
102012 4 MEDISAI
102020 1
102021 0
102022 0
102100 4 MAXIMAL
102101 0
102102 1
102110 4 MOIRANT
102111 0
102112 1
102120 0
102121 0
102122 0
102200 2
102201 0
102202 1
102210 0
102211 0
102212 1
102220 0
102221 0
102222 0
110000 4 MAILLET
110001 1
110002 7 MOLDAVE
110010 16 MOULENT
110011 4 MUSEREZ
110012 7 MULOTER
110020 2
110021 0
110022 0
110100 2
110101 0
110102 1
110110 7 MELATES
110111 1
110112 1
110120 2
110121 0
110122 0
110200 0
110201 0
110202 0
110210 0
110211 0
110212 0
110220 0
110221 0
110222 0
111000 11 MOIREUR
111001 3 MITONNA
111002 6 MOITIEZ
111010 17 MITRALE
111011 6 MENUETS
111012 7 MITRAUX
111020 1
111021 0
111022 0
111100 7 MENTONS
111101 0
111102 2
111110 4 MILKBAR
111111 0
111112 1
111120 1
111121 0
111122 0
111200 0
111201 0
111202 0
111210 0
111211 0
111212 0
111220 0
111221 0
111222 0
112000 1
112001 0
112002 1
112010 3 MANGEES
112011 0
112012 2
112020 0
112021 0
112022 0
112100 3 MILKBAR
112101 0
112102 1
112110 0
112111 0
112112 0
112120 0
112121 0
112122 0
112200 0
112201 0
112202 0
112210 0
112211 0
112212 0
112220 0
112221 0
112222 0
120000 4 MENTONS
120001 0
120002 4 MOUDRAI
120010 11 MOLLARD
120011 2
120012 2
120020 1
120021 0
120022 6 MEUGLAT
120100 1
120101 0
120102 0
120110 1
120111 0
120112 1
120120 0
120121 0
120122 0
120200 0
120201 0
120202 0
120210 0
120211 0
120212 0
120220 0
120221 0
120222 0
121000 6 MILKBAR
121001 0
121002 1
121010 6 MILLAGE
121011 1
121012 2
121020 0
121021 0
121022 3 MANGENT
121100 0
121101 0
121102 0
121110 3 MITONNA
121111 0
121112 0
121120 0
121121 0
121122 0
121200 0
121201 0
121202 0
121210 0
121211 0
121212 0
121220 0
121221 0
121222 0
122000 1
122001 0
122002 1
122010 4 MOIRANT
122011 0
122012 1
122020 0
122021 0
122022 0
122100 0
122101 0
122102 0
122110 0
122111 0
122112 0
122120 0
122121 0
122122 0
122200 1
122201 0
122202 0
122210 0
122211 0
122212 0
122220 0
122221 0
122222 0
200000 9 MULOTER
200001 2
200002 14 MOUFLAT
200010 20 MULETTE
200011 8 MITOSES
200012 3 MACULAT
200020 11 MULOTEZ
200021 2
200022 18 MACULAT
200100 16 MACULAT
200101 1
200102 12 MUSTANG
200110 22 MONTAGE
200111 2
200112 3 MANGEES
200120 11 MAZEAGE
200121 0
200122 9 MUGUETE
200200 2
200201 0
200202 3 MAXIMAL
200210 4 MOUCHEZ
200211 0
200212 0
200220 2
200221 0
200222 2
201000 17 MACULAT
201001 3 METTENT
201002 14 MACULAT
201010 6 MILLIME
201011 4 MULOTER
201012 0
201020 8 MUTILEE
201021 1
201022 1
201100 8 MANIAIS
201101 3 MAXIMAL
201102 5 MORDAIS
201110 5 MITONNA
201111 0
201112 0
201120 4 MANGEES
201121 0
201122 2
201200 2
201201 0
201202 0
201210 0
201211 0
201212 0
201220 0
201221 0
201222 0
202000 2
202001 2
202002 1
202010 5 MILLAGE
202011 3 MITONNA
202012 0
202020 0
202021 0
202022 4 MAXIMAL
202100 3 METTENT
202101 1
202102 4 MENTONS
202110 5 MAXWELL
202111 0
202112 1
202120 1
202121 0
202122 2
202200 3 MILLIER
202201 0
202202 1
202210 0
202211 0
202212 0
202220 2
202221 0
202222 2
210000 10 MULOTEZ
210001 2
210002 7 MODELAT
210010 18 MULATRE
210011 5 MUSSIVE
210012 7 MUSETTE
210020 17 MAZOUTE
210021 1
210022 6 MOCHETE
210100 1
210101 0
210102 2
210110 9 MIGNOTA
210111 0
210112 1
210120 3 MUERIEZ
210121 0
210122 0
210200 0
210201 0
210202 0
210210 0
210211 0
210212 0
210220 1
210221 0
210222 0
211000 9 MOITIEZ
211001 0
211002 2
211010 8 MELKITE
211011 0
211012 1
211020 2
211021 1
211022 5 MOITIEZ
211100 1
211101 0
211102 1
211110 0
211111 0
211112 0
211120 0
211121 0
211122 0
211200 0
211201 0
211202 0
211210 0
211211 0
211212 0
211220 0
211221 0
211222 0
212000 1
212001 0
212002 1
212010 1
212011 0
212012 0
212020 1
212021 0
212022 0
212100 0
212101 0
212102 0
212110 3 MEULERA
212111 0
212112 0
212120 0
212121 0
212122 0
212200 0
212201 0
212202 0
212210 0
212211 0
212212 0
212220 1
212221 0
212222 0
220000 7 MACUMBA
220001 1
220002 10 MONACAL
220010 18 MULATRE
220011 1
220012 2
220020 11 MUSEREZ
220021 0
220022 7 MEURTRE
220100 2
220101 0
220102 2
220110 8 MURGERA
220111 0
220112 0
220120 0
220121 0
220122 1
220200 2
220201 0
220202 0
220210 3 MITONNA
220211 0
220212 0
220220 0
220221 0
220222 0
221000 9 MURIRAI
221001 1
221002 3 MORDAIS
221010 2
221011 1
221012 0
221020 2
221021 0
221022 1
221100 3 MAILLET
221101 0
221102 4 MOTIONS
221110 1
221111 0
221112 0
221120 3 METTIEZ
221121 0
221122 0
221200 0
221201 0
221202 0
221210 0
221211 0
221212 0
221220 0
221221 0
221222 0
222000 5 MAXIMAL
222001 0
222002 3 MAXIMAL
222010 5 MANGERA
222011 1
222012 0
222020 1
222021 0
222022 1
222100 1
222101 0
222102 1
222110 1
222111 0
222112 0
222120 0
222121 0
222122 0
222200 2
222201 0
222202 1
222210 0
222211 0
222212 0
222220 3 MISEREZ
222221 0
222222 1