000000 0
000001 0
000002 11 NOVICES
000010 15 NEGOCIE
000011 2
000012 3 NEUNEUS
000020 12 NEVROME
000021 2
000022 13 NICKELA
000100 2
000101 0
000102 3 NEOREAC
000110 2
000111 2
000112 5 NEGONDO
000120 8 NUERIEZ
000121 1
000122 2
000200 1
000201 0
000202 0
000210 1
000211 0
000212 0
000220 8 NERVIEZ
000221 0
000222 2
001000 1
001001 0
001002 3 NOLISER
001010 5 NICOISE
001011 3 NICOISE
001012 4 NOULETS
001020 2
001021 1
001022 3 NOLISER
001100 0
001101 1
001102 1
001110 4 NEOREAC
001111 1
001112 3 NOULETS
001120 3 NATTEES
001121 0
001122 0
001200 1
001201 0
001202 1
001210 2
001211 0
001212 2
001220 1
001221 0
001222 0
002000 0
002001 0
002002 2
002010 4 NOULETS
002011 0
002012 1
002020 2
002021 0
002022 3 NIVALES
002100 0
002101 0
002102 0
002110 1
002111 0
002112 0
002120 0
002121 0
002122 0
002200 0
002201 0
002202 0
002210 0
002211 0
002212 0
002220 0
002221 0
002222 1
010000 0
010001 1
010002 1
010010 9 NICHANT
010011 0
010012 3 NEOREAC
010020 0
010021 0
010022 1
010100 1
010101 0
010102 1
010110 5 NEOREAC
010111 0
010112 0
010120 0
010121 0
010122 1
010200 0
010201 0
010202 0
010210 0
010211 0
010212 0
010220 0
010221 0
010222 0
011000 0
011001 0
011002 0
011010 2
011011 2
011012 2
011020 0
011021 0
011022 2
011100 1
011101 0
011102 0
011110 2
011111 0
011112 0
011120 0
011121 0
011122 0
011200 1
011201 0
011202 0
011210 1
011211 0
011212 0
011220 0
011221 0
011222 1
012000 0
012001 0
012002 0
012010 3 NEOREAC
012011 0
012012 0
012020 0
012021 0
012022 0
012100 0
012101 0
012102 0
012110 0
012111 0
012112 0
012120 0
012121 0
012122 0
012200 0
012201 0
012202 0
012210 0
012211 0
012212 0
012220 0
012221 0
012222 0
020000 0
020001 0
020002 1
020010 4 NOLISER
020011 0
020012 0
020020 0
020021 0
020022 1
020100 0
020101 0
020102 1
020110 4 NOULETS
020111 0
020112 0
020120 1
020121 0
020122 1
020200 0
020201 0
020202 0
020210 0
020211 0
020212 0
020220 1
020221 0
020222 0
021000 0
021001 0
021002 0
021010 0
021011 0
021012 0
021020 0
021021 0
021022 0
021100 0
021101 0
021102 0
021110 2
021111 0
021112 0
021120 0
021121 0
021122 0
021200 0
021201 0
021202 0
021210 0
021211 0
021212 0
021220 0
021221 0
021222 0
022000 0
022001 0
022002 0
022010 0
022011 0
022012 0
022020 0
022021 0
022022 1
022100 0
022101 0
022102 0
022110 0
022111 0
022112 0
022120 0
022121 0
022122 0
022200 0
022201 0
022202 0
022210 0
022211 0
022212 0
022220 0
022221 0
022222 0
100000 5 NOLISER
100001 2
100002 9 NIMBAIS
100010 8 NIVEALE
100011 6 NEOTYPE
100012 3 NUMEROS
100020 1
100021 1
100022 12 NYMPHAL
100100 3 NAGEANT
100101 0
100102 1
100110 12 NOMINEE
100111 1
100112 2
100120 0
100121 1
100122 0
100200 1
100201 0
100202 2
100210 4 NICOISE
100211 0
100212 4 NOCIVES
100220 0
100221 0
100222 0
101000 4 NEOREAC
101001 0
101002 4 NASARDS
101010 5 NIVALES
101011 1
101012 1
101020 2
101021 0
101022 6 NOMINAL
101100 4 NUIRAIS
101101 0
101102 1
101110 5 NAUTILE
101111 1
101112 1
101120 1
101121 0
101122 0
101200 0
101201 0
101202 0
101210 2
101211 0
101212 1
101220 0
101221 0
101222 0
102000 1
102001 0
102002 1
102010 0
102011 0
102012 1
102020 0
102021 0
102022 0
102100 0
102101 0
102102 0
102110 3 NIAISAS
102111 0
102112 0
102120 0
102121 0
102122 0
102200 0
102201 0
102202 0
102210 0
102211 0
102212 0
102220 0
102221 0
102222 0
110000 12 NICHAIT
110001 2
110002 0
110010 8 NENETTE
110011 1
110012 0
110020 0
110021 0
110022 4 NEOTYPE
110100 2
110101 0
110102 0
110110 3 NUIRAIS
110111 0
110112 1
110120 0
110121 0
110122 0
110200 1
110201 0
110202 0
110210 0
110211 0
110212 0
110220 0
110221 0
110222 0
111000 5 NICOISE
111001 2
111002 2
111010 3 NICOISE
111011 0
111012 0
111020 0
111021 0
111022 1
111100 2
111101 0
111102 0
111110 1
111111 0
111112 0
111120 0
111121 0
111122 0
111200 0
111201 0
111202 0
111210 0
111211 0
111212 0
111220 0
111221 0
111222 0
112000 2
112001 0
112002 0
112010 2
112011 0
112012 0
112020 0
112021 0
112022 0
112100 0
112101 0
112102 0
112110 0
112111 0
112112 0
112120 0
112121 0
112122 0
112200 0
112201 0
112202 0
112210 0
112211 0
112212 0
112220 0
112221 0
112222 0
120000 1
120001 0
120002 0
120010 2
120011 1
120012 1
120020 0
120021 0
120022 2
120100 3 NUISENT
120101 0
120102 1
120110 3 NICOISE
120111 0
120112 0
120120 0
120121 0
120122 0
120200 0
120201 0
120202 0
120210 2
120211 0
120212 1
120220 0
120221 0
120222 0
121000 0
121001 0
121002 0
121010 0
121011 0
121012 0
121020 0
121021 0
121022 0
121100 1
121101 0
121102 0
121110 0
121111 0
121112 0
121120 0
121121 0
121122 0
121200 0
121201 0
121202 0
121210 0
121211 0
121212 0
121220 0
121221 0
121222 0
122000 0
122001 0
122002 0
122010 0
122011 0
122012 0
122020 0
122021 0
122022 0
122100 0
122101 0
122102 0
122110 0
122111 0
122112 0
122120 0
122121 0
122122 0
122200 0
122201 0
122202 0
122210 0
122211 0
122212 0
122220 0
122221 0
122222 0
200000 5 NEPHILE
200001 1
200002 9 NIPPONE
200010 4 NIVALES
200011 4 NOMBREZ
200012 2
200020 1
200021 2
200022 6 NASARDS
200100 0
200101 0
200102 7 NERVAIS
200110 4 NERVURA
200111 2
200112 0
200120 4 NERVAIS
200121 0
200122 4 NOVICES
200200 1
200201 0
200202 2
200210 1
200211 1
200212 1
200220 1
200221 0
200222 1
201000 3 NICOISE
201001 1
201002 1
201010 1
201011 4 NASARDS
201012 0
201020 0
201021 0
201022 1
201100 1
201101 0
201102 1
201110 2
201111 1
201112 1
201120 3 NUCLEER
201121 0
201122 1
201200 0
201201 0
201202 0
201210 0
201211 0
201212 0
201220 0
201221 0
201222 0
202000 0
202001 0
202002 0
202010 0
202011 0
202012 0
202020 0
202021 0
202022 0
202100 0
202101 0
202102 0
202110 1
202111 0
202112 0
202120 0
202121 0
202122 0
202200 0
202201 0
202202 0
202210 0
202211 0
202212 0
202220 0
202221 0
202222 0
210000 3 NANOOHM
210001 2
210002 2
210010 5 NASSENT
210011 1
210012 0
210020 0
210021 0
210022 5 NOLISES
210100 7 NERVAIS
210101 0
210102 0
210110 3 NERVAIS
210111 0
210112 0
210120 1
210121 0
210122 0
210200 2
210201 0
210202 1
210210 0
210211 0
210212 0
210220 1
210221 0
210222 0
211000 0
211001 0
211002 0
211010 1
211011 0
211012 0
211020 0
211021 0
211022 0
211100 1
211101 0
211102 0
211110 0
211111 0
211112 0
211120 0
211121 0
211122 0
211200 0
211201 0
211202 0
211210 0
211211 0
211212 0
211220 0
211221 0
211222 0
212000 1
212001 0
212002 0
212010 0
212011 0
212012 0
212020 0
212021 0
212022 0
212100 0
212101 0
212102 0
212110 0
212111 0
212112 0
212120 0
212121 0
212122 0
212200 0
212201 0
212202 0
212210 0
212211 0
212212 0
212220 0
212221 0
212222 0
220000 2
220001 0
220002 3 NIPPAIS
220010 2
220011 0
220012 0
220020 1
220021 0
220022 4 NIVALES
220100 0
220101 0
220102 1
220110 1
220111 0
220112 0
220120 1
220121 0
220122 0
220200 0
220201 0
220202 0
220210 0
220211 0
220212 0
220220 0
220221 0
220222 0
221000 0
221001 0
221002 0
221010 0
221011 0
221012 0
221020 0
221021 0
221022 0
221100 1
221101 0
221102 1
221110 0
221111 0
221112 0
221120 0
221121 0
221122 0
221200 0
221201 0
221202 0
221210 0
221211 0
221212 0
221220 0
221221 0
221222 0
222000 0
222001 0
222002 0
222010 0
222011 0
222012 0
222020 0
222021 0
222022 0
222100 0
222101 0
222102 0
222110 0
222111 0
222112 0
222120 0
222121 0
222122 0
222200 0
222201 0
222202 0
222210 0
222211 0
222212 0
222220 1
222221 0
222222 1