00000 9 NAPHTA
00001 2
00002 9 NUMBAT
00010 14 NACRAT
00011 3 NARRAS
00012 9 NERVAT
00020 10 NEUTRE
00021 3 NEGUER
00022 16 NEGUAT
00100 2
00101 1
00102 1
00110 8 NEGUER
00111 0
00112 2
00120 6 NARRAT
00121 1
00122 2
00200 4 NARVAL
00201 0
00202 3 NARCOS
00210 1
00211 0
00212 1
00220 10 NERVEZ
00221 0
00222 4 NERVAI
01000 17 NATRUM
01001 2
01002 11 NAHUAS
01010 18 NAVALE
01011 3 NUISIT
01012 0
01020 12 NUCALE
01021 0
01022 10 NETCAM
01100 3 NARRAS
01101 0
01102 2
01110 5 NARRAS
01111 0
01112 2
01120 4 NUBUCK
01121 0
01122 0
01200 5 NERVAT
01201 0
01202 1
01210 2
01211 0
01212 1
01220 4 NARREE
01221 0
01222 1
02000 0
02001 1
02002 1
02010 2
02011 1
02012 0
02020 2
02021 1
02022 4 NUANCA
02100 1
02101 0
02102 0
02110 1
02111 0
02112 0
02120 1
02121 0
02122 0
02200 1
02201 0
02202 2
02210 0
02211 0
02212 0
02220 1
02221 0
02222 0
10000 3 NOTAIS
10001 0
10002 3 NUAMES
10010 5 NICNAC
10011 0
10012 0
10020 0
10021 0
10022 0
10100 0
10101 0
10102 1
10110 1
10111 0
10112 0
10120 0
10121 0
10122 0
10200 1
10201 0
10202 0
10210 0
10211 0
10212 2
10220 0
10221 0
10222 0
11000 4 NICKEL
11001 0
11002 4 NUCALE
11010 0
11011 1
11012 0
11020 0
11021 0
11022 1
11100 0
11101 0
11102 0
11110 1
11111 0
11112 0
11120 0
11121 0
11122 0
11200 0
11201 0
11202 0
11210 0
11211 0
11212 0
11220 0
11221 0
11222 0
12000 0
12001 0
12002 2
12010 0
12011 0
12012 0
12020 0
12021 0
12022 0
12100 0
12101 0
12102 0
12110 0
12111 0
12112 0
12120 0
12121 0
12122 0
12200 0
12201 0
12202 0
12210 0
12211 0
12212 0
12220 0
12221 0
12222 0
20000 12 NUTONS
20001 1
20002 10 NOUANT
20010 13 NOTULE
20011 0
20012 1
20020 5 NUCLEE
20021 0
20022 10 NUMENT
20100 3 NUBILE
20101 0
20102 1
20110 9 NUANCE
20111 0
20112 1
20120 6 NYMPHE
20121 0
20122 1
20200 0
20201 0
20202 0
20210 0
20211 0
20212 0
20220 0
20221 0
20222 1
21000 11 NATICE
21001 1
21002 7 NONCAT
21010 4 NAVETS
21011 1
21012 0
21020 6 NOUENT
21021 0
21022 0
21100 4 NORDIR
21101 0
21102 3 NOROIS
21110 1
21111 0
21112 0
21120 0
21121 0
21122 0
21200 1
21201 0
21202 0
21210 0
21211 0
21212 0
21220 0
21221 0
21222 0
22000 0
22001 0
22002 0
22010 1
22011 0
22012 0
22020 0
22021 0
22022 1
22100 0
22101 0
22102 0
22110 1
22111 0
22112 0
22120 0
22121 0
22122 0
22200 1
22201 0
22202 0
22210 0
22211 0
22212 0
22220 0
22221 0
22222 1