00000 7 OOLONG
00001 1
00002 9 OVULAS
00010 16 ONDULA
00011 9 OCCASE
00012 4 OMEGAS
00020 11 ONGULE
00021 0
00022 19 ONDULA
00100 11 OPINAI
00101 0
00102 11 OPINAS
00110 9 OBELIE
00111 6 OISEAU
00112 0
00120 3 OPINEL
00121 0
00122 13 OLYMPE
00200 5 OBVIAI
00201 1
00202 4 OBVINS
00210 6 OBSEDE
00211 3 OISIVE
00212 0
00220 1
00221 2
00222 2
01000 6 OYABUN
01001 1
01002 2
01010 5 OCELOT
01011 2
01012 1
01020 3 OUATEE
01021 1
01022 6 OUATAT
01100 3 OPINAT
01101 0
01102 2
01110 1
01111 0
01112 0
01120 0
01121 0
01122 4 OUIMES
01200 2
01201 0
01202 0
01210 2
01211 0
01212 0
01220 0
01221 0
01222 0
02000 6 OUTPUT
02001 0
02002 1
02010 5 OBVENU
02011 1
02012 1
02020 0
02021 0
02022 0
02100 1
02101 0
02102 1
02110 0
02111 0
02112 0
02120 0
02121 0
02122 0
02200 5 ORIGAN
02201 1
02202 2
02210 0
02211 0
02212 0
02220 1
02221 0
02222 0
10000 2
10001 2
10002 6 OUVRAS
10010 7 OEUVRE
10011 0
10012 5 OBERAS
10020 20 OBERER
10021 1
10022 8 OBERES
10100 8 OUIRAI
10101 1
10102 5 OUIRAS
10110 4 OBTURE
10111 1
10112 2
10120 2
10121 0
10122 0
10200 0
10201 0
10202 0
10210 3 OBEIRA
10211 0
10212 0
10220 2
10221 0
10222 0
11000 5 OURSON
11001 0
11002 0
11010 6 OBTURA
11011 1
11012 1
11020 3 OUATER
11021 0
11022 0
11100 4 OURDIT
11101 0
11102 0
11110 2
11111 0
11112 0
11120 0
11121 0
11122 0
11200 0
11201 0
11202 0
11210 0
11211 0
11212 0
11220 0
11221 0
11222 0
12000 3 OUTRAT
12001 0
12002 1
12010 2
12011 0
12012 0
12020 3 OPEREZ
12021 0
12022 1
12100 2
12101 0
12102 0
12110 0
12111 0
12112 0
12120 0
12121 0
12122 0
12200 0
12201 0
12202 0
12210 0
12211 0
12212 0
12220 0
12221 0
12222 0
20000 0
20001 0
20002 4 ORNERA
20010 9 OCEANE
20011 0
20012 1
20020 0
20021 0
20022 7 ONGLON
20100 2
20101 0
20102 5 ORNAIS
20110 4 ORMOIE
20111 0
20112 1
20120 0
20121 0
20122 0
20200 0
20201 0
20202 1
20210 0
20211 0
20212 0
20220 2
20221 0
20222 1
21000 2
21001 0
21002 1
21010 3 ORNENT
21011 0
21012 1
21020 0
21021 0
21022 0
21100 2
21101 0
21102 0
21110 1
21111 0
21112 0
21120 0
21121 0
21122 0
21200 1
21201 0
21202 0
21210 1
21211 0
21212 0
21220 0
21221 0
21222 0
22000 0
22001 0
22002 0
22010 0
22011 0
22012 0
22020 0
22021 0
22022 0
22100 0
22101 0
22102 0
22110 1
22111 0
22112 0
22120 0
22121 0
22122 0
22200 0
22201 0
22202 0
22210 0
22211 0
22212 0
22220 0
22221 0
22222 1