000000 0
000001 1
000002 6 OOLONGS
000010 7 OMBELLE
000011 5 OFFENSE
000012 4 OBVENUS
000020 10 ONDULEZ
000021 5 ODYSSEE
000022 21 ONDULEE
000100 2
000101 0
000102 7 OIGNONS
000110 6 OLEIQUE
000111 9 OSSELET
000112 3 OBVIENS
000120 6 OEILLEZ
000121 2
000122 15 OBEISSE
000200 3 OPILION
000201 0
000202 0
000210 4 OPIOIDE
000211 2
000212 0
000220 8 OLIVINE
000221 1
000222 3 OBELIES
001000 0
001001 0
001002 5 OURSONS
001010 10 OLMEQUE
001011 5 OBSCURE
001012 0
001020 7 ONDULER
001021 2
001022 5 OXYURES
001100 3 ORILLON
001101 0
001102 3 ORRIONS
001110 8 OVIGERE
001111 0
001112 0
001120 5 OBEIREZ
001121 1
001122 1
001200 0
001201 0
001202 1
001210 2
001211 0
001212 0
001220 5 OURLIEZ
001221 1
001222 3 ORPHIES
002000 0
002001 0
002002 3 OUZBEKS
002010 4 OBSERVE
002011 0
002012 3 OBSEDES
002020 0
002021 0
002022 4 OBEREES
002100 1
002101 0
002102 2
002110 0
002111 0
002112 0
002120 0
002121 0
002122 0
002200 0
002201 0
002202 0
002210 2
002211 0
002212 0
002220 9 OBVENUE
002221 2
002222 0
010000 0
010001 0
010002 4 OPPOSAS
010010 2
010011 2
010012 2
010020 1
010021 0
010022 4 OCCASES
010100 10 ONCIAUX
010101 3 OSCILLA
010102 8 OGIVAUX
010110 6 ONCIALE
010111 3 OISELAI
010112 3 OISELAS
010120 3 OPIACEZ
010121 0
010122 1
010200 2
010201 1
010202 2
010210 0
010211 0
010212 0
010220 0
010221 0
010222 0
011000 6 OCCLURA
011001 0
011002 0
011010 5 OUZBEKS
011011 4 ORGASME
011012 3 OCRERAS
011020 0
011021 0
011022 5 ORANGEE
011100 6 OINDRAI
011101 0
011102 3 ORIGANS
011110 9 ORNIERE
011111 0
011112 1
011120 1
011121 0
011122 0
011200 2
011201 0
011202 0
011210 1
011211 1
011212 0
011220 0
011221 0
011222 1
012000 0
012001 0
012002 0
012010 7 OBERERA
012011 0
012012 0
012020 0
012021 0
012022 0
012100 0
012101 0
012102 4 OIDIUMS
012110 1
012111 1
012112 3 OPPOSES
012120 0
012121 0
012122 0
012200 3 OUVRIRA
012201 0
012202 0
012210 0
012211 0
012212 0
012220 0
012221 0
012222 0
020000 0
020001 0
020002 1
020010 1
020011 0
020012 0
020020 0
020021 0
020022 2
020100 0
020101 0
020102 1
020110 1
020111 0
020112 0
020120 0
020121 0
020122 0
020200 0
020201 2
020202 1
020210 4 OXALIDE
020211 2
020212 0
020220 0
020221 0
020222 1
021000 0
021001 0
021002 0
021010 1
021011 0
021012 0
021020 4 ORNEREZ
021021 0
021022 3 ORACLES
021100 0
021101 1
021102 1
021110 0
021111 0
021112 0
021120 0
021121 0
021122 1
021200 0
021201 1
021202 0
021210 0
021211 1
021212 0
021220 0
021221 0
021222 0
022000 0
022001 0
022002 0
022010 0
022011 0
022012 0
022020 0
022021 0
022022 0
022100 0
022101 0
022102 0
022110 0
022111 0
022112 0
022120 0
022121 0
022122 0
022200 1
022201 0
022202 0
022210 0
022211 0
022212 0
022220 1
022221 0
022222 0
100000 1
100001 0
100002 3 OXYTONS
100010 10 ONDULEE
100011 1
100012 4 OFFSETS
100020 2
100021 2
100022 4 OMETTES
100100 2
100101 0
100102 3 OPTIONS
100110 7 OPTIQUE
100111 1
100112 1
100120 1
100121 1
100122 3 OLEACEE
100200 1
100201 0
100202 0
100210 0
100211 3 OBESITE
100212 0
100220 0
100221 0
100222 0
101000 0
101001 0
101002 1
101010 5 OFFERTE
101011 3 ORTHOSE
101012 4 OFFERTS
101020 5 OPTEREZ
101021 1
101022 2
101100 1
101101 0
101102 0
101110 2
101111 0
101112 1
101120 2
101121 0
101122 1
101200 0
101201 0
101202 0
101210 1
101211 0
101212 1
101220 0
101221 0
101222 0
102000 0
102001 0
102002 1
102010 7 OBTENUE
102011 2
102012 0
102020 0
102021 0
102022 1
102100 1
102101 0
102102 1
102110 3 OMIRENT
102111 0
102112 0
102120 0
102121 0
102122 0
102200 0
102201 0
102202 0
102210 0
102211 0
102212 0
102220 1
102221 0
102222 0
110000 8 ONDULAT
110001 1
110002 3 OUTLAWS
110010 4 ODONATE
110011 2
110012 0
110020 0
110021 0
110022 7 OMBILIC
110100 20 OPINAIT
110101 0
110102 1
110110 2
110111 1
110112 0
110120 0
110121 0
110122 0
110200 1
110201 1
110202 0
110210 0
110211 0
110212 0
110220 0
110221 0
110222 0
111000 5 OBTURAT
111001 1
111002 1
111010 3 OEUVRAT
111011 1
111012 2
111020 0
111021 0
111022 2
111100 5 OURLAIT
111101 0
111102 1
111110 2
111111 0
111112 0
111120 0
111121 0
111122 0
111200 0
111201 0
111202 0
111210 0
111211 0
111212 0
111220 0
111221 0
111222 0
112000 6 OKOUMES
112001 0
112002 1
112010 4 OPERANT
112011 1
112012 1
112020 0
112021 0
112022 0
112100 5 OUBLIAI
112101 0
112102 1
112110 2
112111 1
112112 0
112120 0
112121 0
112122 0
112200 0
112201 0
112202 0
112210 0
112211 0
112212 0
112220 0
112221 0
112222 0
120000 1
120001 0
120002 1
120010 3 OXALATE
120011 0
120012 0
120020 0
120021 0
120022 1
120100 1
120101 0
120102 1
120110 1
120111 1
120112 0
120120 0
120121 0
120122 0
120200 2
120201 0
120202 0
120210 2
120211 0
120212 0
120220 1
120221 0
120222 0
121000 0
121001 0
121002 0
121010 2
121011 0
121012 0
121020 0
121021 0
121022 1
121100 0
121101 0
121102 0
121110 0
121111 0
121112 0
121120 0
121121 0
121122 0
121200 0
121201 0
121202 0
121210 1
121211 0
121212 0
121220 0
121221 0
121222 0
122000 0
122001 0
122002 0
122010 0
122011 0
122012 0
122020 0
122021 0
122022 0
122100 0
122101 0
122102 0
122110 0
122111 0
122112 0
122120 0
122121 0
122122 0
122200 0
122201 0
122202 0
122210 1
122211 0
122212 0
122220 0
122221 0
122222 0
200000 1
200001 0
200002 0
200010 0
200011 0
200012 0
200020 0
200021 0
200022 0
200100 0
200101 0
200102 0
200110 0
200111 0
200112 0
200120 0
200121 0
200122 1
200200 0
200201 0
200202 0
200210 1
200211 0
200212 0
200220 0
200221 0
200222 0
201000 0
201001 0
201002 0
201010 0
201011 0
201012 0
201020 0
201021 0
201022 0
201100 0
201101 0
201102 0
201110 0
201111 0
201112 0
201120 0
201121 0
201122 0
201200 0
201201 0
201202 0
201210 0
201211 0
201212 0
201220 0
201221 0
201222 0
202000 0
202001 0
202002 0
202010 2
202011 0
202012 1
202020 0
202021 0
202022 0
202100 0
202101 0
202102 0
202110 0
202111 0
202112 0
202120 0
202121 0
202122 0
202200 0
202201 0
202202 0
202210 0
202211 0
202212 0
202220 1
202221 0
202222 0
210000 1
210001 0
210002 0
210010 0
210011 0
210012 0
210020 0
210021 0
210022 0
210100 0
210101 0
210102 0
210110 0
210111 0
210112 0
210120 0
210121 0
210122 0
210200 0
210201 0
210202 0
210210 0
210211 0
210212 0
210220 0
210221 0
210222 0
211000 0
211001 0
211002 0
211010 0
211011 0
211012 0
211020 0
211021 0
211022 0
211100 0
211101 0
211102 0
211110 0
211111 0
211112 0
211120 0
211121 0
211122 0
211200 0
211201 0
211202 0
211210 0
211211 0
211212 0
211220 0
211221 0
211222 0
212000 0
212001 0
212002 0
212010 0
212011 0
212012 0
212020 0
212021 0
212022 0
212100 0
212101 0
212102 0
212110 1
212111 0
212112 1
212120 0
212121 0
212122 0
212200 0
212201 0
212202 0
212210 0
212211 0
212212 0
212220 0
212221 0
212222 0
220000 0
220001 0
220002 0
220010 0
220011 0
220012 0
220020 0
220021 0
220022 1
220100 0
220101 0
220102 0
220110 2
220111 0
220112 0
220120 0
220121 0
220122 0
220200 0
220201 0
220202 0
220210 0
220211 0
220212 0
220220 0
220221 0
220222 0
221000 0
221001 0
221002 0
221010 0
221011 0
221012 0
221020 0
221021 0
221022 0
221100 0
221101 0
221102 0
221110 0
221111 0
221112 0
221120 0
221121 0
221122 0
221200 0
221201 0
221202 0
221210 0
221211 0
221212 0
221220 0
221221 0
221222 0
222000 0
222001 0
222002 0
222010 0
222011 0
222012 0
222020 0
222021 0
222022 0
222100 0
222101 0
222102 0
222110 0
222111 0
222112 0
222120 0
222121 0
222122 0
222200 0
222201 0
222202 0
222210 0
222211 0
222212 0
222220 0
222221 0
222222 1