00000000 0
00000001 0
00000002 0
00000010 1
00000011 1
00000012 0
00000020 0
00000021 0
00000022 5 PELEMELES
00000100 0
00000101 0
00000102 0
00000110 3 PREDECEDE
00000111 6 PREPRESSE
00000112 5 PRECHEURS
00000120 3 PEROREREZ
00000121 3 PEROREREZ
00000122 20 PREREGLEE
00000200 0
00000201 0
00000202 0
00000210 0
00000211 0
00000212 0
00000220 8 PEUPLEREZ
00000221 4 PRESSEREZ
00000222 2
00001000 0
00001001 0
00001002 0
00001010 3 PEDICELLE
00001011 3 PUBLICISE
00001012 1
00001020 5 PLECQUIEZ
00001021 0
00001022 10 PELUCHEES
00001100 1
00001101 0
00001102 0
00001110 13 PREDIGERE
00001111 10 PRESCRIVE
00001112 3 PLISSEURS
00001120 25 PERLERIEZ
00001121 17 PRISERIEZ
00001122 21 PRESUMEES
00001200 0
00001201 0
00001202 0
00001210 2
00001211 0
00001212 0
00001220 7 PIERREREZ
00001221 1
00001222 7 PREMIERES
00002000 0
00002001 0
00002002 2
00002010 0
00002011 3 PSYCHISME
00002012 0
00002020 0
00002021 2
00002022 1
00002100 0
00002101 0
00002102 0
00002110 3 PYRUVIQUE
00002111 1
00002112 5 PIERRIERS
00002120 1
00002121 2
00002122 3 PRECUISES
00002200 0
00002201 0
00002202 0
00002210 0
00002211 0
00002212 0
00002220 1
00002221 3 PERLERIEZ
00002222 1
00010000 0
00010001 0
00010002 0
00010010 4 PEDOLOGUE
00010011 5 POLYPEUSE
00010012 2
00010020 1
00010021 2
00010022 13 PALMIPEDE
00010100 0
00010101 0
00010102 0
00010110 9 PRUDHOMME
00010111 7 POUDREUSE
00010112 5 POLLUEURS
00010120 8 PRETENDEZ
00010121 10 PRIVERIEZ
00010122 23 PROMENEUR
00010200 0
00010201 0
00010202 0
00010210 0
00010211 0
00010212 0
00010220 7 POUDREREZ
00010221 3 POUSSEREZ
00010222 7 POLYMERES
00011000 0
00011001 0
00011002 1
00011010 9 PODOLOGIE
00011011 9 PIOCHEUSE
00011012 0
00011020 3 POUCEPIED
00011021 2
00011022 7 POSSIBLES
00011100 0
00011101 3 POURSUIVI
00011102 2
00011110 7 PROFILEUR
00011111 13 PISCIVORE
00011112 6 PERCHOIRS
00011120 22 PLOIERIEZ
00011121 0
00011122 11 PENDILLER
00011200 0
00011201 0
00011202 0
00011210 7 POUDRERIE
00011211 1
00011212 0
00011220 5 PICOREREZ
00011221 1
00011222 1
00012000 0
00012001 0
00012002 1
00012010 1
00012011 2
00012012 0
00012020 0
00012021 0
00012022 1
00012100 0
00012101 0
00012102 2
00012110 7 POURRIDIE
00012111 2
00012112 9 POURPIERS
00012120 0
00012121 4 PERLERIEZ
00012122 3 PRIORISES
00012200 0
00012201 0
00012202 0
00012210 0
00012211 0
00012212 0
00012220 2
00012221 0
00012222 0
00020000 0
00020001 0
00020002 0
00020010 0
00020011 0
00020012 0
00020020 0
00020021 0
00020022 2
00020100 0
00020101 0
00020102 0
00020110 0
00020111 1
00020112 1
00020120 9 PERMETTEZ
00020121 0
00020122 13 PERLERIEZ
00020200 0
00020201 0
00020202 0
00020210 0
00020211 0
00020212 0
00020220 0
00020221 0
00020222 0
00021000 0
00021001 0
00021002 2
00021010 1
00021011 2
00021012 0
00021020 0
00021021 2
00021022 1
00021100 0
00021101 0
00021102 0
00021110 0
00021111 0
00021112 0
00021120 4 PREVOYIEZ
00021121 6 PREPOSIEZ
00021122 2
00021200 0
00021201 0
00021202 0
00021210 0
00021211 0
00021212 0
00021220 0
00021221 0
00021222 0
00022000 0
00022001 0
00022002 0
00022010 0
00022011 0
00022012 0
00022020 0
00022021 0
00022022 0
00022100 0
00022101 0
00022102 0
00022110 0
00022111 0
00022112 0
00022120 0
00022121 0
00022122 1
00022200 0
00022201 0
00022202 0
00022210 0
00022211 0
00022212 0
00022220 1
00022221 0
00022222 0
00100000 0
00100001 0
00100002 0
00100010 0
00100011 0
00100012 0
00100020 0
00100021 0
00100022 5 PLUMETTES
00100100 0
00100101 0
00100102 0
00100110 3 PERCUTEUR
00100111 2
00100112 0
00100120 8 PLEURARDE
00100121 0
00100122 9 PERCUTEES
00100200 0
00100201 0
00100202 0
00100210 0
00100211 0
00100212 0
00100220 3 PEROREREZ
00100221 1
00100222 3 PEDESTRES
00101000 0
00101001 0
00101002 1
00101010 2
00101011 1
00101012 0
00101020 3 PELLETIEZ
00101021 0
00101022 9 PUISETTES
00101100 0
00101101 0
00101102 1
00101110 21 PIERRETTE
00101111 4 PYRITEUSE
00101112 3 PRECIPUTS
00101120 10 PERFORMEZ
00101121 3 PETRISSEZ
00101122 6 PETRIFIES
00101200 0
00101201 0
00101202 0
00101210 0
00101211 0
00101212 0
00101220 2
00101221 0
00101222 0
00102000 0
00102001 0
00102002 0
00102010 0
00102011 2
00102012 0
00102020 0
00102021 0
00102022 3 PHLEBITES
00102100 0
00102101 0
00102102 0
00102110 0
00102111 3 PRECUISIT
00102112 0
00102120 0
00102121 0
00102122 3 PRECUITES
00102200 0
00102201 0
00102202 0
00102210 0
00102211 0
00102212 0
00102220 0
00102221 0
00102222 0
00110000 0
00110001 0
00110002 0
00110010 1
00110011 3 PELOTEUSE
00110012 0
00110020 0
00110021 1
00110022 11 PULTACEES
00110100 0
00110101 0
00110102 1
00110110 11 PODOMETRE
00110111 4 PROSPECTE
00110112 3 PELOTEURS
00110120 3 PROMETTEZ
00110121 2
00110122 9 PERMUTERA
00110200 0
00110201 0
00110202 0
00110210 0
00110211 0
00110212 0
00110220 2
00110221 0
00110222 0
00111000 0
00111001 0
00111002 2
00111010 1
00111011 2
00111012 0
00111020 1
00111021 0
00111022 4 PHOLIOTES
00111100 2
00111101 0
00111102 2
00111110 12 PRIMITIFS
00111111 3 POURSUITE
00111112 2
00111120 5 PROJETIEZ
00111121 0
00111122 2
00111200 0
00111201 0
00111202 0
00111210 1
00111211 0
00111212 0
00111220 3 PICOMOLES
00111221 0
00111222 0
00112000 0
00112001 0
00112002 0
00112010 2
00112011 4 PISOLITHE
00112012 0
00112020 0
00112021 4 POSITIVEZ
00112022 5 POLITISES
00112100 0
00112101 1
00112102 0
00112110 2
00112111 1
00112112 0
00112120 0
00112121 2
00112122 5 POURRITES
00112200 0
00112201 0
00112202 0
00112210 0
00112211 0
00112212 0
00112220 0
00112221 0
00112222 0
00120000 0
00120001 0
00120002 0
00120010 0
00120011 0
00120012 0
00120020 0
00120021 0
00120022 1
00120100 0
00120101 0
00120102 0
00120110 4 PRECOMPTE
00120111 0
00120112 0
00120120 1
00120121 0
00120122 0
00120200 0
00120201 0
00120202 0
00120210 0
00120211 0
00120212 0
00120220 0
00120221 0
00120222 0
00121000 0
00121001 0
00121002 1
00121010 0
00121011 0
00121012 0
00121020 1
00121021 1
00121022 1
00121100 0
00121101 0
00121102 0
00121110 1
00121111 0
00121112 0
00121120 2
00121121 0
00121122 1
00121200 1
00121201 0
00121202 0
00121210 0
00121211 0
00121212 0
00121220 0
00121221 0
00121222 0
00122000 0
00122001 0
00122002 0
00122010 0
00122011 0
00122012 0
00122020 0
00122021 0
00122022 0
00122100 0
00122101 0
00122102 0
00122110 0
00122111 0
00122112 0
00122120 0
00122121 0
00122122 0
00122200 0
00122201 0
00122202 0
00122210 0
00122211 0
00122212 0
00122220 0
00122221 0
00122222 0
00200000 0
00200001 0
00200002 0
00200010 0
00200011 1
00200012 0
00200020 0
00200021 1
00200022 3 PUSTULEES
00200100 0
00200101 0
00200102 0
00200110 0
00200111 1
00200112 0
00200120 6 PERLERIEZ
00200121 1
00200122 3 PERTURBES
00200200 0
00200201 0
00200202 0
00200210 0
00200211 0
00200212 0
00200220 0
00200221 0
00200222 0
00201000 0
00201001 0
00201002 0
00201010 0
00201011 1
00201012 0
00201020 0
00201021 2
00201022 6 POMPASSES
00201100 0
00201101 0
00201102 0
00201110 1
00201111 1
00201112 1
00201120 4 PIETERIEZ
00201121 2
00201122 0
00201200 0
00201201 0
00201202 0
00201210 1
00201211 0
00201212 0
00201220 0
00201221 0
00201222 0
00202000 0
00202001 0
00202002 0
00202010 0
00202011 0
00202012 0
00202020 0
00202021 0
00202022 0
00202100 0
00202101 0
00202102 0
00202110 0
00202111 0
00202112 0
00202120 0
00202121 0
00202122 2
00202200 0
00202201 0
00202202 0
00202210 0
00202211 0
00202212 0
00202220 0
00202221 0
00202222 0
00210000 0
00210001 0
00210002 0
00210010 0
00210011 0
00210012 0
00210020 0
00210021 2
00210022 5 POSTHUMES
00210100 0
00210101 0
00210102 0
00210110 3 POUTRELLE
00210111 0
00210112 0
00210120 0
00210121 4 PERLERIEZ
00210122 6 POMMASSES
00210200 0
00210201 0
00210202 0
00210210 0
00210211 1
00210212 0
00210220 0
00210221 1
00210222 2
00211000 0
00211001 0
00211002 0
00211010 0
00211011 0
00211012 0
00211020 0
00211021 3 POETISIEZ
00211022 5 POETISEES
00211100 1
00211101 0
00211102 0
00211110 1
00211111 1
00211112 0
00211120 2
00211121 2
00211122 4 PORTIQUES
00211200 0
00211201 0
00211202 0
00211210 0
00211211 0
00211212 0
00211220 0
00211221 0
00211222 2
00212000 0
00212001 0
00212002 0
00212010 0
00212011 0
00212012 0
00212020 0
00212021 0
00212022 1
00212100 0
00212101 0
00212102 0
00212110 1
00212111 1
00212112 0
00212120 0
00212121 0
00212122 1
00212200 0
00212201 0
00212202 0
00212210 0
00212211 0
00212212 0
00212220 0
00212221 0
00212222 0
00220000 0
00220001 0
00220002 0
00220010 1
00220011 1
00220012 0
00220020 0
00220021 0
00220022 1
00220100 0
00220101 0
00220102 0
00220110 4 POUDROYER
00220111 1
00220112 0
00220120 0
00220121 0
00220122 0
00220200 0
00220201 0
00220202 0
00220210 0
00220211 0
00220212 0
00220220 0
00220221 0
00220222 1
00221000 0
00221001 0
00221002 0
00221010 2
00221011 0
00221012 1
00221020 0
00221021 0
00221022 0
00221100 0
00221101 0
00221102 0
00221110 0
00221111 2
00221112 0
00221120 0
00221121 0
00221122 0
00221200 0
00221201 0
00221202 0
00221210 0
00221211 0
00221212 0
00221220 0
00221221 0
00221222 0
00222000 0
00222001 0
00222002 0
00222010 0
00222011 0
00222012 0
00222020 0
00222021 0
00222022 1
00222100 0
00222101 0
00222102 0
00222110 0
00222111 0
00222112 0
00222120 0
00222121 0
00222122 0
00222200 0
00222201 0
00222202 0
00222210 0
00222211 0
00222212 0
00222220 0
00222221 0
00222222 1
01000000 0
01000001 0
01000002 0
01000010 1
01000011 0
01000012 0
01000020 0
01000021 0
01000022 1
01000100 0
01000101 0
01000102 0
01000110 2
01000111 0
01000112 1
01000120 1
01000121 0
01000122 8 PRENEUSES
01000200 0
01000201 0
01000202 0
01000210 0
01000211 0
01000212 0
01000220 0
01000221 0
01000222 0
01001000 1
01001001 0
01001002 0
01001010 1
01001011 2
01001012 0
01001020 2
01001021 1
01001022 3 PUCCINIES
01001100 0
01001101 0
01001102 1
01001110 6 PEREGRINE
01001111 5 PRINCESSE
01001112 3 PEREGRINS
01001120 6 PREVENIEZ
01001121 1
01001122 2
01001200 0
01001201 0
01001202 0
01001210 0
01001211 0
01001212 0
01001220 1
01001221 0
01001222 2
01002000 0
01002001 0
01002002 0
01002010 0
01002011 1
01002012 1
01002020 0
01002021 0
01002022 2
01002100 0
01002101 0
01002102 0
01002110 3 PRINCIERE
01002111 0
01002112 7 PEIGNIERS
01002120 1
01002121 0
01002122 4 PYRIDINES
01002200 0
01002201 0
01002202 0
01002210 0
01002211 0
01002212 0
01002220 0
01002221 0
01002222 0
01010000 0
01010001 0
01010002 2
01010010 2
01010011 2
01010012 6 PHLEGMONS
01010020 0
01010021 0
01010022 5 PHOSGENES
01010100 0
01010101 0
01010102 2
01010110 5 PROMENEUR
01010111 1
01010112 33 PRUNELIER
01010120 0
01010121 0
01010122 7 PERIGUEUX
01010200 0
01010201 0
01010202 0
01010210 1
01010211 0
01010212 0
01010220 1
01010221 0
01010222 0
01011000 0
01011001 0
01011002 5 PUDIBONDS
01011010 6 PUDIBONDE
01011011 5 POSIDONIE
01011012 0
01011020 4 POULINIEZ
01011021 0
01011022 4 PLIOCENES
01011100 0
01011101 2
01011102 5 PROHIBONS
01011110 7 PROMENOIR
01011111 4 PRECISION
01011112 23 PRONEUSES
01011120 8 PROMENIEZ
01011121 1
01011122 3 PROVINMES
01011200 0
01011201 0
01011202 0
01011210 0
01011211 0
01011212 0
01011220 2
01011221 0
01011222 0
01012000 0
01012001 0
01012002 21 POULINONS
01012010 0
01012011 2
01012012 4 PECQUIONS
01012020 0
01012021 0
01012022 4 POUSSINES
01012100 0
01012101 0
01012102 9 POURRAVES
01012110 3 PIONNIERE
01012111 1
01012112 23 PILERIONS
01012120 0
01012121 0
01012122 0
01012200 0
01012201 0
01012202 0
01012210 0
01012211 0
01012212 0
01012220 0
01012221 0
01012222 0
01020000 0
01020001 0
01020002 0
01020010 2
01020011 0
01020012 0
01020020 4 POUPONNEZ
01020021 0
01020022 2
01020100 0
01020101 1
01020102 1
01020110 3 PHEROMONE
01020111 0
01020112 4 PREPOSONS
01020120 11 PRELATURE
01020121 1
01020122 5 PIGNOLEES
01020200 0
01020201 0
01020202 0
01020210 0
01020211 0
01020212 0
01020220 0
01020221 0
01020222 0
01021000 0
01021001 0
01021002 1
01021010 1
01021011 0
01021012 0
01021020 5 PIGNOCHEZ
01021021 0
01021022 5 PULMONIES
01021100 0
01021101 0
01021102 0
01021110 1
01021111 1
01021112 0
01021120 2
01021121 0
01021122 0
01021200 0
01021201 0
01021202 0
01021210 0
01021211 0
01021212 0
01021220 0
01021221 0
01021222 0
01022000 0
01022001 0
01022002 0
01022010 0
01022011 0
01022012 0
01022020 0
01022021 0
01022022 0
01022100 0
01022101 0
01022102 0
01022110 0
01022111 0
01022112 0
01022120 0
01022121 0
01022122 0
01022200 0
01022201 0
01022202 0
01022210 0
01022211 0
01022212 0
01022220 0
01022221 0
01022222 0
01100000 0
01100001 0
01100002 0
01100010 5 PULLULENT
01100011 1
01100012 0
01100020 0
01100021 0
01100022 0
01100100 0
01100101 0
01100102 0
01100110 17 PROCEDURE
01100111 5 PULSERENT
01100112 1
01100120 0
01100121 3 PERLERIEZ
01100122 3 PRESENTES
01100200 0
01100201 0
01100202 0
01100210 0
01100211 0
01100212 0
01100220 1
01100221 0
01100222 0
01101000 0
01101001 1
01101002 1
01101010 8 PEPIEMENT
01101011 3 PISSENLIT
01101012 2
01101020 3 PIGMENTEZ
01101021 0
01101022 2
01101100 0
01101101 0
01101102 0
01101110 19 PREVIENNE
01101111 8 PROCEDURE
01101112 1
01101120 2
01101121 0
01101122 1
01101200 0
01101201 0
01101202 0
01101210 0
01101211 0
01101212 0
01101220 3 PERLERIEZ
01101221 0
01101222 1
01102000 0
01102001 0
01102002 0
01102010 0
01102011 2
01102012 0
01102020 0
01102021 0
01102022 1
01102100 0
01102101 0
01102102 0
01102110 2
01102111 1
01102112 0
01102120 0
01102121 0
01102122 1
01102200 0
01102201 0
01102202 0
01102210 0
01102211 0
01102212 0
01102220 0
01102221 0
01102222 0
01110000 0
01110001 0
01110002 0
01110010 4 PETOCHENT
01110011 1
01110012 3 PETOCHONS
01110020 1
01110021 0
01110022 2
01110100 0
01110101 0
01110102 1
01110110 34 PROMENEUR
01110111 1
01110112 4 PERCUTONS
01110120 0
01110121 0
01110122 0
01110200 0
01110201 0
01110202 0
01110210 1
01110211 1
01110212 0
01110220 0
01110221 0
01110222 0
01111000 1
01111001 0
01111002 2
01111010 6 POULINENT
01111011 3 POLISSENT
01111012 4 PIEDMONTS
01111020 2
01111021 0
01111022 0
01111100 2
01111101 0
01111102 2
01111110 26 PRIVILEGE
01111111 3 PUISERONT
01111112 2
01111120 0
01111121 1
01111122 1
01111200 0
01111201 0
01111202 0
01111210 0
01111211 0
01111212 0
01111220 2
01111221 0
01111222 1
01112000 0
01112001 0
01112002 6 POLICASSE
01112010 1
01112011 0
01112012 5 PIPETIONS
01112020 0
01112021 0
01112022 1
01112100 0
01112101 0
01112102 1
01112110 1
01112111 1
01112112 5 POTINIERS
01112120 0
01112121 0
01112122 0
01112200 0
01112201 0
01112202 0
01112210 0
01112211 0
01112212 0
01112220 0
01112221 0
01112222 0
01120000 0
01120001 0
01120002 0
01120010 1
01120011 0
01120012 0
01120020 0
01120021 0
01120022 0
01120100 0
01120101 0
01120102 0
01120110 5 PERFORENT
01120111 2
01120112 0
01120120 0
01120121 0
01120122 0
01120200 0
01120201 0
01120202 0
01120210 0
01120211 0
01120212 0
01120220 0
01120221 0
01120222 0
01121000 0
01121001 0
01121002 1
01121010 2
01121011 1
01121012 0
01121020 0
01121021 0
01121022 0
01121100 1
01121101 1
01121102 1
01121110 3 PRENOTION
01121111 0
01121112 0
01121120 0
01121121 0
01121122 0
01121200 0
01121201 0
01121202 0
01121210 0
01121211 0
01121212 0
01121220 0
01121221 0
01121222 0
01122000 0
01122001 0
01122002 0
01122010 0
01122011 0
01122012 0
01122020 0
01122021 0
01122022 0
01122100 0
01122101 0
01122102 0
01122110 1
01122111 0
01122112 0
01122120 0
01122121 0
01122122 0
01122200 0
01122201 0
01122202 0
01122210 0
01122211 0
01122212 0
01122220 0
01122221 0
01122222 0
01200000 0
01200001 0
01200002 0
01200010 0
01200011 1
01200012 0
01200020 0
01200021 0
01200022 0
01200100 0
01200101 0
01200102 0
01200110 4 PUTTERENT
01200111 1
01200112 1
01200120 1
01200121 0
01200122 1
01200200 0
01200201 0
01200202 0
01200210 0
01200211 0
01200212 0
01200220 0
01200221 0
01200222 0
01201000 0
01201001 0
01201002 0
01201010 2
01201011 1
01201012 0
01201020 1
01201021 0
01201022 2
01201100 0
01201101 0
01201102 0
01201110 4 PICTERENT
01201111 1
01201112 1
01201120 0
01201121 0
01201122 0
01201200 0
01201201 0
01201202 0
01201210 0
01201211 0
01201212 0
01201220 0
01201221 0
01201222 0
01202000 0
01202001 0
01202002 0
01202010 0
01202011 0
01202012 0
01202020 0
01202021 0
01202022 0
01202100 0
01202101 0
01202102 0
01202110 0
01202111 0
01202112 0
01202120 0
01202121 0
01202122 0
01202200 0
01202201 0
01202202 0
01202210 0
01202211 0
01202212 0
01202220 0
01202221 0
01202222 0
01210000 0
01210001 0
01210002 2
01210010 0
01210011 1
01210012 0
01210020 0
01210021 0
01210022 0
01210100 0
01210101 0
01210102 0
01210110 7 PORTERONT
01210111 3 POSTERONT
01210112 5 PERLOUSES
01210120 0
01210121 0
01210122 0
01210200 0
01210201 0
01210202 0
01210210 0
01210211 0
01210212 0
01210220 0
01210221 0
01210222 0
01211000 0
01211001 1
01211002 0
01211010 1
01211011 1
01211012 3 POITEVINS
01211020 0
01211021 0
01211022 0
01211100 1
01211101 0
01211102 0
01211110 3 PICTERONT
01211111 1
01211112 3 PESSIGNER
01211120 0
01211121 0
01211122 0
01211200 0
01211201 0
01211202 0
01211210 0
01211211 0
01211212 0
01211220 0
01211221 0
01211222 0
01212000 0
01212001 0
01212002 1
01212010 0
01212011 0
01212012 0
01212020 0
01212021 0
01212022 0
01212100 0
01212101 0
01212102 0
01212110 0
01212111 0
01212112 0
01212120 3 PERLERIEZ
01212121 0
01212122 2
01212200 0
01212201 0
01212202 0
01212210 0
01212211 0
01212212 0
01212220 0
01212221 0
01212222 0
01220000 0
01220001 0
01220002 0
01220010 1
01220011 0
01220012 0
01220020 0
01220021 0
01220022 0
01220100 0
01220101 0
01220102 0
01220110 1
01220111 0
01220112 0
01220120 0
01220121 0
01220122 1
01220200 1
01220201 0
01220202 0
01220210 0
01220211 0
01220212 0
01220220 0
01220221 0
01220222 0
01221000 1
01221001 0
01221002 0
01221010 0
01221011 0
01221012 0
01221020 1
01221021 2
01221022 2
01221100 0
01221101 0
01221102 0
01221110 1
01221111 0
01221112 0
01221120 1
01221121 1
01221122 0
01221200 0
01221201 0
01221202 0
01221210 0
01221211 0
01221212 0
01221220 0
01221221 0
01221222 0
01222000 0
01222001 0
01222002 0
01222010 0
01222011 0
01222012 0
01222020 0
01222021 0
01222022 0
01222100 0
01222101 0
01222102 0
01222110 0
01222111 0
01222112 0
01222120 0
01222121 0
01222122 0
01222200 0
01222201 0
01222202 0
01222210 0
01222211 0
01222212 0
01222220 0
01222221 0
01222222 0
02000000 0
02000001 0
02000002 0
02000010 0
02000011 1
02000012 0
02000020 0
02000021 0
02000022 1
02000100 0
02000101 0
02000102 0
02000110 0
02000111 0
02000112 1
02000120 0
02000121 0
02000122 0
02000200 0
02000201 0
02000202 0
02000210 0
02000211 0
02000212 0
02000220 1
02000221 0
02000222 0
02001000 0
02001001 0
02001002 0
02001010 2
02001011 1
02001012 0
02001020 2
02001021 1
02001022 4 PINCEUSES
02001100 0
02001101 0
02001102 0
02001110 0
02001111 1
02001112 0
02001120 3 PENDILLER
02001121 1
02001122 1
02001200 0
02001201 0
02001202 0
02001210 1
02001211 0
02001212 0
02001220 0
02001221 0
02001222 0
02002000 0
02002001 0
02002002 0
02002010 1
02002011 0
02002012 0
02002020 0
02002021 0
02002022 0
02002100 0
02002101 0
02002102 0
02002110 1
02002111 0
02002112 0
02002120 0
02002121 0
02002122 0
02002200 0
02002201 0
02002202 0
02002210 0
02002211 0
02002212 0
02002220 0
02002221 0
02002222 0
02010000 0
02010001 0
02010002 0
02010010 0
02010011 0
02010012 1
02010020 0
02010021 0
02010022 2
02010100 0
02010101 0
02010102 0
02010110 1
02010111 0
02010112 3 PONDERONS
02010120 0
02010121 0
02010122 1
02010200 0
02010201 0
02010202 0
02010210 0
02010211 0
02010212 0
02010220 0
02010221 0
02010222 1
02011000 0
02011001 0
02011002 2
02011010 2
02011011 1
02011012 0
02011020 0
02011021 0
02011022 1
02011100 0
02011101 0
02011102 0
02011110 0
02011111 0
02011112 1
02011120 2
02011121 0
02011122 0
02011200 0
02011201 0
02011202 0
02011210 0
02011211 0
02011212 0
02011220 0
02011221 0
02011222 0
02012000 0
02012001 0
02012002 0
02012010 0
02012011 0
02012012 1
02012020 0
02012021 0
02012022 0
02012100 0
02012101 0
02012102 2
02012110 0
02012111 0
02012112 2
02012120 0
02012121 0
02012122 0
02012200 0
02012201 0
02012202 0
02012210 0
02012211 0
02012212 0
02012220 0
02012221 0
02012222 0
02020000 0
02020001 0
02020002 0
02020010 0
02020011 0
02020012 0
02020020 0
02020021 0
02020022 0
02020100 0
02020101 0
02020102 0
02020110 0
02020111 0
02020112 0
02020120 0
02020121 0
02020122 0
02020200 0
02020201 0
02020202 0
02020210 0
02020211 0
02020212 0
02020220 0
02020221 0
02020222 0
02021000 0
02021001 0
02021002 1
02021010 0
02021011 0
02021012 0
02021020 1
02021021 0
02021022 1
02021100 0
02021101 0
02021102 0
02021110 0
02021111 0
02021112 0
02021120 1
02021121 0
02021122 0
02021200 0
02021201 0
02021202 0
02021210 0
02021211 0
02021212 0
02021220 0
02021221 0
02021222 0
02022000 0
02022001 0
02022002 0
02022010 0
02022011 0
02022012 0
02022020 0
02022021 0
02022022 0
02022100 0
02022101 0
02022102 0
02022110 0
02022111 0
02022112 0
02022120 0
02022121 0
02022122 0
02022200 0
02022201 0
02022202 0
02022210 0
02022211 0
02022212 0
02022220 0
02022221 0
02022222 0
02100000 0
02100001 0
02100002 0
02100010 1
02100011 0
02100012 0
02100020 0
02100021 0
02100022 1
02100100 0
02100101 0
02100102 0
02100110 1
02100111 1
02100112 0
02100120 0
02100121 0
02100122 1
02100200 0
02100201 0
02100202 0
02100210 0
02100211 0
02100212 0
02100220 0
02100221 0
02100222 1
02101000 0
02101001 0
02101002 0
02101010 4 PENITENTE
02101011 1
02101012 1
02101020 0
02101021 0
02101022 1
02101100 0
02101101 0
02101102 0
02101110 2
02101111 0
02101112 0
02101120 1
02101121 0
02101122 0
02101200 0
02101201 0
02101202 0
02101210 0
02101211 0
02101212 0
02101220 0
02101221 0
02101222 0
02102000 0
02102001 0
02102002 0
02102010 0
02102011 0
02102012 0
02102020 0
02102021 0
02102022 1
02102100 0
02102101 0
02102102 0
02102110 0
02102111 0
02102112 0
02102120 0
02102121 0
02102122 0
02102200 0
02102201 0
02102202 0
02102210 0
02102211 0
02102212 0
02102220 0
02102221 0
02102222 0
02110000 0
02110001 0
02110002 1
02110010 1
02110011 0
02110012 2
02110020 0
02110021 0
02110022 1
02110100 0
02110101 0
02110102 0
02110110 3 PONDERENT
02110111 1
02110112 1
02110120 0
02110121 0
02110122 0
02110200 0
02110201 0
02110202 0
02110210 0
02110211 0
02110212 0
02110220 0
02110221 0
02110222 1
02111000 0
02111001 0
02111002 0
02111010 0
02111011 0
02111012 0
02111020 1
02111021 0
02111022 1
02111100 0
02111101 0
02111102 0
02111110 2
02111111 0
02111112 0
02111120 0
02111121 0
02111122 0
02111200 0
02111201 0
02111202 0
02111210 0
02111211 0
02111212 0
02111220 0
02111221 0
02111222 0
02112000 0
02112001 0
02112002 2
02112010 0
02112011 0
02112012 0
02112020 0
02112021 0
02112022 0
02112100 0
02112101 0
02112102 0
02112110 0
02112111 0
02112112 0
02112120 0
02112121 0
02112122 0
02112200 0
02112201 0
02112202 0
02112210 0
02112211 0
02112212 0
02112220 0
02112221 0
02112222 0
02120000 0
02120001 0
02120002 0
02120010 0
02120011 0
02120012 0
02120020 0
02120021 0
02120022 0
02120100 0
02120101 0
02120102 0
02120110 0
02120111 0
02120112 0
02120120 0
02120121 0
02120122 0
02120200 0
02120201 0
02120202 0
02120210 0
02120211 0
02120212 0
02120220 0
02120221 0
02120222 0
02121000 0
02121001 0
02121002 0
02121010 0
02121011 0
02121012 0
02121020 0
02121021 0
02121022 0
02121100 0
02121101 0
02121102 0
02121110 0
02121111 0
02121112 0
02121120 0
02121121 0
02121122 0
02121200 0
02121201 0
02121202 0
02121210 0
02121211 0
02121212 0
02121220 0
02121221 0
02121222 0
02122000 0
02122001 0
02122002 0
02122010 0
02122011 0
02122012 0
02122020 0
02122021 0
02122022 0
02122100 0
02122101 0
02122102 0
02122110 0
02122111 0
02122112 0
02122120 0
02122121 0
02122122 0
02122200 0
02122201 0
02122202 0
02122210 0
02122211 0
02122212 0
02122220 0
02122221 0
02122222 0
02200000 0
02200001 0
02200002 0
02200010 0
02200011 0
02200012 0
02200020 0
02200021 0
02200022 0
02200100 0
02200101 0
02200102 0
02200110 0
02200111 0
02200112 0
02200120 0
02200121 0
02200122 0
02200200 0
02200201 0
02200202 0
02200210 0
02200211 0
02200212 0
02200220 0
02200221 0
02200222 0
02201000 0
02201001 0
02201002 0
02201010 0
02201011 0
02201012 0
02201020 0
02201021 0
02201022 0
02201100 0
02201101 0
02201102 0
02201110 1
02201111 0
02201112 0
02201120 1
02201121 0
02201122 0
02201200 0
02201201 0
02201202 0
02201210 0
02201211 0
02201212 0
02201220 0
02201221 0
02201222 0
02202000 0
02202001 0
02202002 0
02202010 0
02202011 0
02202012 0
02202020 0
02202021 0
02202022 0
02202100 0
02202101 0
02202102 0
02202110 0
02202111 0
02202112 0
02202120 0
02202121 0
02202122 0
02202200 0
02202201 0
02202202 0
02202210 0
02202211 0
02202212 0
02202220 0
02202221 0
02202222 0
02210000 0
02210001 0
02210002 0
02210010 1
02210011 1
02210012 0
02210020 0
02210021 0
02210022 1
02210100 0
02210101 0
02210102 0
02210110 2
02210111 0
02210112 1
02210120 0
02210121 0
02210122 0
02210200 0
02210201 0
02210202 0
02210210 0
02210211 0
02210212 0
02210220 0
02210221 0
02210222 0
02211000 0
02211001 0
02211002 0
02211010 0
02211011 0
02211012 1
02211020 3 PONTILLEZ
02211021 0
02211022 2
02211100 0
02211101 0
02211102 0
02211110 1
02211111 0
02211112 1
02211120 3 PONTILLER
02211121 0
02211122 0
02211200 0
02211201 0
02211202 0
02211210 0
02211211 0
02211212 0
02211220 0
02211221 0
02211222 0
02212000 0
02212001 0
02212002 0
02212010 0
02212011 0
02212012 0
02212020 0
02212021 0
02212022 0
02212100 0
02212101 0
02212102 0
02212110 0
02212111 0
02212112 0
02212120 0
02212121 0
02212122 0
02212200 0
02212201 0
02212202 0
02212210 0
02212211 0
02212212 0
02212220 0
02212221 0
02212222 0
02220000 0
02220001 0
02220002 0
02220010 1
02220011 0
02220012 0
02220020 0
02220021 0
02220022 0
02220100 0
02220101 0
02220102 0
02220110 0
02220111 0
02220112 0
02220120 0
02220121 0
02220122 0
02220200 0
02220201 0
02220202 0
02220210 0
02220211 0
02220212 0
02220220 0
02220221 0
02220222 0
02221000 0
02221001 0
02221002 0
02221010 0
02221011 0
02221012 0
02221020 0
02221021 0
02221022 0
02221100 0
02221101 0
02221102 0
02221110 0
02221111 0
02221112 0
02221120 0
02221121 0
02221122 0
02221200 0
02221201 0
02221202 0
02221210 0
02221211 0
02221212 0
02221220 0
02221221 0
02221222 0
02222000 0
02222001 0
02222002 0
02222010 0
02222011 0
02222012 0
02222020 0
02222021 0
02222022 0
02222100 0
02222101 0
02222102 0
02222110 0
02222111 0
02222112 0
02222120 0
02222121 0
02222122 0
02222200 0
02222201 0
02222202 0
02222210 0
02222211 0
02222212 0
02222220 0
02222221 0
02222222 0
10000000 0
10000001 0
10000002 1
10000010 0
10000011 10 PEUPLASSE
10000012 0
10000020 0
10000021 0
10000022 22 PLUCHAMES
10000100 0
10000101 0
10000102 1
10000110 21 PLACARDEE
10000111 14 PHRASEUSE
10000112 10 PRESAGEAS
10000120 6 PERLERIEZ
10000121 6 PERLERIEZ
10000122 26 PARCELLEE
10000200 0
10000201 0
10000202 0
10000210 3 PRECHARGE
10000211 1
10000212 14 PECQUERAS
10000220 2
10000221 1
10000222 1
10001000 0
10001001 1
10001002 3 PULLULAIS
10001010 4 PEDIPALPE
10001011 10 PLAGIASSE
10001012 4 PELUCHAIS
10001020 1
10001021 9 PILULAMES
10001022 21 PIAULAMES
10001100 2
10001101 2
10001102 0
10001110 16 PALUDIERE
10001111 20 PREFACERA
10001112 45 PUERPERAL
10001120 8 PROPULSER
10001121 4 PRESAGIEZ
10001122 11 PRESIDIUM
10001200 0
10001201 0
10001202 1
10001210 22 PELLUCIDE
10001211 4 PHRASERAI
10001212 10 PEDALASSE
10001220 4 PLAGIEREZ
10001221 0
10001222 2
10002000 0
10002001 1
10002002 0
10002010 2
10002011 4 PLASMIQUE
10002012 1
10002020 0
10002021 0
10002022 3 PLASMIDES
10002100 3 PRAIRIAUX
10002101 0
10002102 3 PRAIRIALS
10002110 3 PRAIRIALE
10002111 2
10002112 3 PREAVISAS
10002120 3 PERLERIEZ
10002121 3 PERLERIEZ
10002122 3 PREAVISES
10002200 0
10002201 0
10002202 0
10002210 1
10002211 1
10002212 2
10002220 0
10002221 0
10002222 4 PRECAIRES
10010000 0
10010001 0
10010002 2
10010010 2
10010011 6 POUSSASSE
10010012 0
10010020 0
10010021 0
10010022 20 PLUMASSES
10010100 4 PYROGRAVA
10010101 1
10010102 6 PYROLYSAS
10010110 18 PERCHEURS
10010111 5 POSSEDERA
10010112 3 PROFESSAS
10010120 6 PERLERIEZ
10010121 0
10010122 17 PRELATURE
10010200 0
10010201 0
10010202 1
10010210 1
10010211 0
10010212 9 PRORUSSES
10010220 0
10010221 0
10010222 0
10011000 1
10011001 2
10011002 4 POLISSAIS
10011010 5 POLYGAMIE
10011011 8 POMMELAIS
10011012 2
10011020 1
10011021 1
10011022 8 PIOCHAMES
10011100 9 POCHARDAI
10011101 3 PYROLYSAI
10011102 8 PROHIBAIS
10011110 13 PREVALOIR
10011111 6 PICORASSE
10011112 13 PRIMERIEZ
10011120 2
10011121 0
10011122 4 PICORAMES
10011200 1
10011201 0
10011202 1
10011210 13 POURLECHA
10011211 4 POISSERAI
10011212 6 PICORERAS
10011220 0
10011221 0
10011222 0
10012000 2
10012001 0
10012002 0
10012010 3 PODALIQUE
10012011 0
10012012 0
10012020 0
10012021 0
10012022 0
10012100 0
10012101 2
10012102 2
10012110 0
10012111 2
10012112 0
10012120 0
10012121 3 PERLERIEZ
10012122 1
10012200 2
10012201 0
10012202 2
10012210 0
10012211 0
10012212 0
10012220 0
10012221 0
10012222 0
10020000 0
10020001 0
10020002 0
10020010 0
10020011 0
10020012 0
10020020 0
10020021 0
10020022 0
10020100 1
10020101 0
10020102 1
10020110 4 PERFORERA
10020111 2
10020112 3 PERFORMAS
10020120 0
10020121 0
10020122 0
10020200 0
10020201 0
10020202 0
10020210 0
10020211 0
10020212 0
10020220 0
10020221 0
10020222 0
10021000 0
10021001 2
10021002 1
10021010 0
10021011 0
10021012 0
10021020 0
10021021 0
10021022 0
10021100 1
10021101 2
10021102 2
10021110 4 PREFORMAI
10021111 0
10021112 4 PREVOYAIS
10021120 0
10021121 0
10021122 0
10021200 0
10021201 0
10021202 0
10021210 0
10021211 0
10021212 0
10021220 0
10021221 0
10021222 0
10022000 0
10022001 0
10022002 0
10022010 0
10022011 0
10022012 0
10022020 0
10022021 0
10022022 0
10022100 0
10022101 0
10022102 0
10022110 0
10022111 0
10022112 0
10022120 0
10022121 0
10022122 1
10022200 0
10022201 0
10022202 0
10022210 1
10022211 0
10022212 1
10022220 0
10022221 0
10022222 0
10100000 0
10100001 0
10100002 0
10100010 3 PELLETAGE
10100011 2
10100012 2
10100020 0
10100021 0
10100022 8 PEUPLATES
10100100 1
10100101 0
10100102 0
10100110 20 PREMATURE
10100111 7 PRESAGEAT
10100112 5 PREACHATS
10100120 3 PETAWEBER
10100121 0
10100122 12 PHRASATES
10100200 0
10100201 0
10100202 0
10100210 3 PETAHERTZ
10100211 1
10100212 2
10100220 0
10100221 0
10100222 0
10101000 3 PULLULAIT
10101001 0
10101002 2
10101010 11 PELLETAIT
10101011 6 PULSATIVE
10101012 4 PELLETAIS
10101020 2
10101021 2
10101022 16 PLAGIATES
10101100 1
10101101 1
10101102 2
10101110 59 PREREMPLI
10101111 21 PRESSURAT
10101112 8 PERMIRENT
10101120 2
10101121 2
10101122 10 PERIMATES
10101200 0
10101201 0
10101202 0
10101210 8 PIPETERAI
10101211 1
10101212 3 PIEUTERAS
10101220 1
10101221 0
10101222 2
10102000 0
10102001 2
10102002 1
10102010 1
10102011 7 PECQUASSE
10102012 0
10102020 0
10102021 1
10102022 2
10102100 2
10102101 0
10102102 0
10102110 1
10102111 4 PRUSSIATE
10102112 1
10102120 0
10102121 0
10102122 0
10102200 0
10102201 0
10102202 0
10102210 0
10102211 1
10102212 0
10102220 0
10102221 0
10102222 0
10110000 0
10110001 4 PHOSPHATA
10110002 3 PODCASTAS
10110010 3 POLYMATHE
10110011 2
10110012 3 PODESTATS
10110020 0
10110021 2
10110022 12 PLOMBATES
10110100 3 POCHARDAT
10110101 2
10110102 0
10110110 5 PROPAGEAT
10110111 7 POTASSERA
10110112 0
10110120 0
10110121 1
10110122 6 PROUVATES
10110200 0
10110201 0
10110202 0
10110210 0
10110211 1
10110212 2
10110220 0
10110221 0
10110222 1
10111000 4 PIZZICATO
10111001 5 POTASSIUM
10111002 2
10111010 6 PIVOTABLE
10111011 6 PRIVILEGE
10111012 1
10111020 0
10111021 1
10111022 14 PICOLATES
10111100 8 PROFITAIT
10111101 0
10111102 4 PROACTIFS
10111110 19 PROCUREES
10111111 0
10111112 1
10111120 0
10111121 0
10111122 2
10111200 0
10111201 0
10111202 0
10111210 6 PUBLICAIN
10111211 0
10111212 4 PELUCHAIS
10111220 0
10111221 0
10111222 1
10112000 1
10112001 5 POSITIVAT
10112002 2
10112010 1
10112011 1
10112012 0
10112020 0
10112021 0
10112022 0
10112100 0
10112101 3 POLARISAT
10112102 0
10112110 0
10112111 0
10112112 0
10112120 0
10112121 0
10112122 1
10112200 0
10112201 0
10112202 0
10112210 0
10112211 0
10112212 0
10112220 0
10112221 0
10112222 0
10120000 1
10120001 0
10120002 0
10120010 1
10120011 0
10120012 0
10120020 1
10120021 0
10120022 0
10120100 1
10120101 0
10120102 0
10120110 9 PERBORATE
10120111 0
10120112 0
10120120 0
10120121 0
10120122 0
10120200 0
10120201 0
10120202 0
10120210 0
10120211 0
10120212 0
10120220 0
10120221 0
10120222 0
10121000 1
10121001 2
10121002 2
10121010 0
10121011 0
10121012 0
10121020 1
10121021 0
10121022 0
10121100 1
10121101 2
10121102 1
10121110 4 PERFORAIT
10121111 2
10121112 0
10121120 0
10121121 0
10121122 0
10121200 0
10121201 0
10121202 0
10121210 0
10121211 0
10121212 0
10121220 0
10121221 0
10121222 0
10122000 0
10122001 0
10122002 0
10122010 0
10122011 0
10122012 0
10122020 0
10122021 0
10122022 0
10122100 0
10122101 0
10122102 0
10122110 0
10122111 0
10122112 0
10122120 0
10122121 0
10122122 0
10122200 0
10122201 0
10122202 0
10122210 0
10122211 0
10122212 0
10122220 0
10122221 0
10122222 0
10200000 0
10200001 0
10200002 0
10200010 1
10200011 1
10200012 1
10200020 0
10200021 0
10200022 4 PUTTASSES
10200100 0
10200101 0
10200102 0
10200110 2
10200111 3 PLATRASSE
10200112 2
10200120 0
10200121 0
10200122 5 PROMULGUA
10200200 0
10200201 0
10200202 0
10200210 0
10200211 0
10200212 1
10200220 1
10200221 0
10200222 1
10201000 0
10201001 3 PISTACHAT
10201002 2
10201010 1
10201011 2
10201012 0
10201020 0
10201021 2
10201022 6 PISTACHES
10201100 3 PRATIQUAT
10201101 0
10201102 1
10201110 9 PIETERAIT
10201111 3 PISTERAIT
10201112 6 PRESUREES
10201120 3 PERLERIEZ
10201121 1
10201122 2
10201200 0
10201201 0
10201202 0
10201210 2
10201211 0
10201212 0
10201220 0
10201221 0
10201222 1
10202000 0
10202001 0
10202002 0
10202010 1
10202011 0
10202012 0
10202020 0
10202021 0
10202022 0
10202100 0
10202101 0
10202102 0
10202110 1
10202111 0
10202112 1
10202120 0
10202121 0
10202122 0
10202200 0
10202201 0
10202202 0
10202210 0
10202211 0
10202212 0
10202220 0
10202221 0
10202222 0
10210000 0
10210001 3 POSTFACAT
10210002 4 POSTFACAS
10210010 0
10210011 1
10210012 0
10210020 0
10210021 4 POSTFACEZ
10210022 5 POSTDATES
10210100 0
10210101 1
10210102 0
10210110 5 POETEREAU
10210111 3 POSTURALE
10210112 2
10210120 0
10210121 2
10210122 4 PORTASSES
10210200 2
10210201 0
10210202 0
10210210 0
10210211 0
10210212 1
10210220 0
10210221 0
10210222 0
10211000 0
10211001 6 POSTICHAT
10211002 2
10211010 0
10211011 1
10211012 1
10211020 0
10211021 0
10211022 0
10211100 0
10211101 0
10211102 4 POITRAILS
10211110 5 PORTUAIRE
10211111 3 POETISERA
10211112 2
10211120 0
10211121 0
10211122 0
10211200 0
10211201 0
10211202 0
10211210 0
10211211 1
10211212 0
10211220 0
10211221 0
10211222 0
10212000 0
10212001 0
10212002 0
10212010 0
10212011 0
10212012 0
10212020 0
10212021 0
10212022 0
10212100 0
10212101 0
10212102 0
10212110 0
10212111 0
10212112 0
10212120 0
10212121 0
10212122 0
10212200 0
10212201 0
10212202 0
10212210 0
10212211 0
10212212 0
10212220 0
10212221 0
10212222 0
10220000 0
10220001 1
10220002 0
10220010 0
10220011 0
10220012 0
10220020 0
10220021 0
10220022 0
10220100 1
10220101 0
10220102 0
10220110 2
10220111 0
10220112 0
10220120 0
10220121 0
10220122 0
10220200 0
10220201 0
10220202 0
10220210 0
10220211 0
10220212 0
10220220 0
10220221 0
10220222 0
10221000 0
10221001 0
10221002 0
10221010 0
10221011 1
10221012 0
10221020 0
10221021 0
10221022 0
10221100 0
10221101 0
10221102 0
10221110 1
10221111 0
10221112 0
10221120 0
10221121 0
10221122 0
10221200 0
10221201 0
10221202 0
10221210 0
10221211 0
10221212 0
10221220 0
10221221 0
10221222 0
10222000 0
10222001 0
10222002 0
10222010 0
10222011 0
10222012 0
10222020 0
10222021 0
10222022 0
10222100 0
10222101 0
10222102 0
10222110 0
10222111 0
10222112 0
10222120 0
10222121 0
10222122 0
10222200 0
10222201 0
10222202 0
10222210 0
10222211 0
10222212 0
10222220 0
10222221 0
10222222 0
11000000 0
11000001 0
11000002 0
11000010 3 PEQUENAUD
11000011 0
11000012 1
11000020 0
11000021 0
11000022 5 PLANQUEES
11000100 1
11000101 0
11000102 0
11000110 4 PLANQUERA
11000111 1
11000112 2
11000120 2
11000121 0
11000122 4 PHARYNGES
11000200 0
11000201 0
11000202 0
11000210 0
11000211 0
11000212 0
11000220 0
11000221 0
11000222 0
11001000 2
11001001 0
11001002 5 PUCCINIAS
11001010 2
11001011 5 PEIGNASSE
11001012 1
11001020 5 PANNICULE
11001021 1
11001022 8 PEIGNAMES
11001100 1
11001101 0
11001102 2
11001110 12 PREALPINE
11001111 1
11001112 7 PEINERAIS
11001120 4 PRALINIEZ
11001121 1
11001122 2
11001200 1
11001201 0
11001202 1
11001210 2
11001211 0
11001212 2
11001220 2
11001221 0
11001222 0
11002000 0
11002001 0
11002002 1
11002010 1
11002011 0
11002012 3 PFAFFIENS
11002020 2
11002021 0
11002022 3 PHALLINES
11002100 1
11002101 0
11002102 0
11002110 0
11002111 0
11002112 0
11002120 1
11002121 0
11002122 1
11002200 0
11002201 0
11002202 0
11002210 0
11002211 0
11002212 0
11002220 0
11002221 0
11002222 1
11010000 1
11010001 0
11010002 4 POULAMONS
11010010 2
11010011 1
11010012 1
11010020 0
11010021 0
11010022 1
11010100 0
11010101 0
11010102 3 PROFANONS
11010110 7 POLYANDRE
11010111 2
11010112 8 PARCELLER
11010120 0
11010121 0
11010122 3 PROFANEES
11010200 0
11010201 0
11010202 0
11010210 0
11010211 0
11010212 1
11010220 0
11010221 0
11010222 0
11011000 2
11011001 1
11011002 5 PIAILLONS
11011010 3 POLICEMAN
11011011 3 PIONNASSE
11011012 1
11011020 0
11011021 0
11011022 2
11011100 2
11011101 0
11011102 5 PRALINONS
11011110 6 PYROMANIE
11011111 0
11011112 4 PROMENAIS
11011120 2
11011121 0
11011122 0
11011200 1
11011201 0
11011202 1
11011210 4 PIONNERAI
11011211 0
11011212 2
11011220 0
11011221 0
11011222 0
11012000 0
11012001 1
11012002 8 PLAINDRAI
11012010 0
11012011 0
11012012 1
11012020 0
11012021 0
11012022 1
11012100 1
11012101 0
11012102 2
11012110 0
11012111 0
11012112 0
11012120 0
11012121 0
11012122 1
11012200 0
11012201 0
11012202 0
11012210 0
11012211 0
11012212 0
11012220 0
11012221 0
11012222 0
11020000 0
11020001 0
11020002 3 POUPONNAS
11020010 0
11020011 0
11020012 0
11020020 2
11020021 0
11020022 1
11020100 0
11020101 0
11020102 1
11020110 2
11020111 0
11020112 2
11020120 2
11020121 0
11020122 1
11020200 0
11020201 0
11020202 0
11020210 0
11020211 0
11020212 0
11020220 0
11020221 0
11020222 0
11021000 4 POUPONNAI
11021001 0
11021002 2
11021010 1
11021011 0
11021012 1
11021020 0
11021021 0
11021022 0
11021100 1
11021101 0
11021102 0
11021110 3 PREDOMINA
11021111 1
11021112 0
11021120 0
11021121 0
11021122 0
11021200 0
11021201 0
11021202 0
11021210 0
11021211 0
11021212 0
11021220 0
11021221 0
11021222 0
11022000 0
11022001 0
11022002 0
11022010 0
11022011 0
11022012 0
11022020 0
11022021 0
11022022 0
11022100 0
11022101 0
11022102 0
11022110 0
11022111 0
11022112 0
11022120 0
11022121 0
11022122 0
11022200 0
11022201 0
11022202 0
11022210 0
11022211 0
11022212 0
11022220 0
11022221 0
11022222 0
11100000 3 PULLULANT
11100001 0
11100002 0
11100010 9 PLACEMENT
11100011 11 PETALISME
11100012 2
11100020 1
11100021 0
11100022 10 PLOMBATES
11100100 0
11100101 0
11100102 0
11100110 30 PERCALINE
11100111 9 PACSERAIS
11100112 8 PELOTONNE
11100120 0
11100121 0
11100122 3 PERDANTES
11100200 0
11100201 0
11100202 1
11100210 0
11100211 0
11100212 2
11100220 1
11100221 0
11100222 0
11101000 10 PLUVINANT
11101001 1
11101002 7 PLAISANTS
11101010 15 PLAINTIVE
11101011 8 PRIMIPILE
11101012 2
11101020 2
11101021 0
11101022 8 PIAULAMES
11101100 2
11101101 0
11101102 1
11101110 15 PLENITUDE
11101111 6 PRECISANT
11101112 1
11101120 1
11101121 0
11101122 0
11101200 0
11101201 0
11101202 0
11101210 4 PEINTURAT
11101211 0
11101212 1
11101220 0
11101221 0
11101222 0
11102000 0
11102001 0
11102002 0
11102010 14 PENINSULE
11102011 4 PUISAIENT
11102012 0
11102020 0
11102021 0
11102022 3 PHTANITES
11102100 2
11102101 0
11102102 0
11102110 8 PRENORMAL
11102111 1
11102112 0
11102120 0
11102121 0
11102122 0
11102200 0
11102201 0
11102202 0
11102210 0
11102211 0
11102212 0
11102220 0
11102221 0
11102222 0
11110000 2
11110001 1
11110002 4 POTASSONS
11110010 7 PELOTONNA
11110011 4 POSSEDANT
11110012 1
11110020 0
11110021 0
11110022 3 PETOMANES
11110100 3 PROFANANT
11110101 0
11110102 1
11110110 13 PONCERENT
11110111 1
11110112 1
11110120 0
11110121 0
11110122 1
11110200 0
11110201 0
11110202 0
11110210 0
11110211 1
11110212 0
11110220 0
11110221 0
11110222 0
11111000 8 PITONNANT
11111001 2
11111002 3 PITONNAIS
11111010 6 POTOMANIE
11111011 3 PHONETISA
11111012 0
11111020 0
11111021 0
11111022 8 PROGNATHE
11111100 10 PUBLICAIN
11111101 0
11111102 1
11111110 8 PROVENAIT
11111111 0
11111112 0
11111120 0
11111121 0
11111122 0
11111200 0
11111201 0
11111202 0
11111210 2
11111211 0
11111212 2
11111220 0
11111221 0
11111222 0
11112000 1
11112001 0
11112002 1
11112010 9 PLUMCAKES
11112011 0
11112012 0
11112020 0
11112021 0
11112022 1
11112100 0
11112101 0
11112102 1
11112110 2
11112111 0
11112112 0
11112120 0
11112121 0
11112122 0
11112200 0
11112201 0
11112202 0
11112210 0
11112211 0
11112212 0
11112220 0
11112221 0
11112222 0
11120000 4 POUPONNAT
11120001 0
11120002 1
11120010 2
11120011 0
11120012 0
11120020 0
11120021 0
11120022 0
11120100 2
11120101 1
11120102 0
11120110 4 PERFORANT
11120111 1
11120112 0
11120120 0
11120121 0
11120122 0
11120200 0
11120201 0
11120202 0
11120210 0
11120211 0
11120212 0
11120220 0
11120221 0
11120222 0
11121000 5 PIANOTANT
11121001 1
11121002 2
11121010 3 PIGEONNAT
11121011 0
11121012 0
11121020 1
11121021 0
11121022 1
11121100 1
11121101 0
11121102 0
11121110 1
11121111 0
11121112 0
11121120 0
11121121 0
11121122 0
11121200 0
11121201 0
11121202 0
11121210 0
11121211 0
11121212 0
11121220 0
11121221 0
11121222 0
11122000 0
11122001 0
11122002 0
11122010 0
11122011 0
11122012 0
11122020 0
11122021 0
11122022 0
11122100 0
11122101 0
11122102 0
11122110 0
11122111 0
11122112 0
11122120 0
11122121 0
11122122 0
11122200 0
11122201 0
11122202 0
11122210 0
11122211 0
11122212 0
11122220 0
11122221 0
11122222 0
11200000 0
11200001 1
11200002 0
11200010 1
11200011 0
11200012 0
11200020 0
11200021 0
11200022 0
11200100 0
11200101 0
11200102 0
11200110 1
11200111 0
11200112 0
11200120 0
11200121 0
11200122 1
11200200 0
11200201 0
11200202 0
11200210 0
11200211 0
11200212 0
11200220 0
11200221 0
11200222 0
11201000 2
11201001 1
11201002 1
11201010 5 PLATINENT
11201011 1
11201012 1
11201020 1
11201021 0
11201022 1
11201100 0
11201101 0
11201102 0
11201110 2
11201111 0
11201112 0
11201120 1
11201121 0
11201122 0
11201200 0
11201201 0
11201202 0
11201210 0
11201211 0
11201212 0
11201220 0
11201221 0
11201222 0
11202000 0
11202001 0
11202002 0
11202010 3 PIETAIENT
11202011 2
11202012 0
11202020 0
11202021 0
11202022 0
11202100 0
11202101 0
11202102 0
11202110 1
11202111 0
11202112 0
11202120 0
11202121 0
11202122 0
11202200 0
11202201 0
11202202 0
11202210 0
11202211 0
11202212 0
11202220 0
11202221 0
11202222 0
11210000 0
11210001 2
11210002 0
11210010 0
11210011 0
11210012 0
11210020 0
11210021 0
11210022 0
11210100 0
11210101 0
11210102 2
11210110 1
11210111 0
11210112 0
11210120 0
11210121 0
11210122 2
11210200 0
11210201 0
11210202 0
11210210 0
11210211 0
11210212 0
11210220 0
11210221 0
11210222 0
11211000 0
11211001 0
11211002 1
11211010 0
11211011 1
11211012 0
11211020 0
11211021 0
11211022 0
11211100 0
11211101 0
11211102 0
11211110 1
11211111 0
11211112 0
11211120 0
11211121 0
11211122 0
11211200 0
11211201 0
11211202 0
11211210 0
11211211 0
11211212 0
11211220 0
11211221 0
11211222 0
11212000 0
11212001 0
11212002 0
11212010 0
11212011 1
11212012 0
11212020 0
11212021 0
11212022 0
11212100 0
11212101 0
11212102 1
11212110 3 PROTEINAT
11212111 0
11212112 1
11212120 0
11212121 0
11212122 0
11212200 0
11212201 0
11212202 0
11212210 0
11212211 0
11212212 0
11212220 0
11212221 0
11212222 0
11220000 0
11220001 0
11220002 0
11220010 0
11220011 0
11220012 0
11220020 0
11220021 0
11220022 0
11220100 0
11220101 0
11220102 0
11220110 1
11220111 0
11220112 0
11220120 0
11220121 0
11220122 0
11220200 0
11220201 0
11220202 0
11220210 0
11220211 0
11220212 0
11220220 0
11220221 0
11220222 0
11221000 0
11221001 2
11221002 1
11221010 0
11221011 0
11221012 0
11221020 0
11221021 0
11221022 0
11221100 0
11221101 0
11221102 0
11221110 0
11221111 0
11221112 0
11221120 0
11221121 0
11221122 0
11221200 0
11221201 0
11221202 0
11221210 0
11221211 0
11221212 0
11221220 0
11221221 0
11221222 0
11222000 0
11222001 0
11222002 0
11222010 0
11222011 0
11222012 0
11222020 0
11222021 0
11222022 0
11222100 0
11222101 0
11222102 0
11222110 0
11222111 0
11222112 0
11222120 0
11222121 0
11222122 0
11222200 0
11222201 0
11222202 0
11222210 0
11222211 0
11222212 0
11222220 0
11222221 0
11222222 0
12000000 0
12000001 0
12000002 0
12000010 0
12000011 1
12000012 0
12000020 0
12000021 0
12000022 4 PENDABLES
12000100 0
12000101 0
12000102 0
12000110 1
12000111 0
12000112 0
12000120 0
12000121 0
12000122 1
12000200 0
12000201 0
12000202 0
12000210 0
12000211 0
12000212 1
12000220 0
12000221 0
12000222 0
12001000 1
12001001 0
12001002 3 PUNISSAIS
12001010 2
12001011 0
12001012 3 PENDULAIS
12001020 1
12001021 2
12001022 4 PENJABIES
12001100 0
12001101 1
12001102 0
12001110 0
12001111 2
12001112 2
12001120 2
12001121 0
12001122 2
12001200 0
12001201 0
12001202 1
12001210 2
12001211 0
12001212 0
12001220 0
12001221 0
12001222 0
12002000 0
12002001 0
12002002 0
12002010 0
12002011 1
12002012 1
12002020 0
12002021 2
12002022 1
12002100 0
12002101 0
12002102 0
12002110 0
12002111 0
12002112 0
12002120 0
12002121 1
12002122 0
12002200 0
12002201 0
12002202 0
12002210 0
12002211 0
12002212 0
12002220 0
12002221 0
12002222 0
12010000 0
12010001 0
12010002 0
12010010 0
12010011 0
12010012 0
12010020 0
12010021 0
12010022 1
12010100 0
12010101 0
12010102 0
12010110 3 PONDERERA
12010111 0
12010112 0
12010120 0
12010121 0
12010122 0
12010200 0
12010201 0
12010202 0
12010210 0
12010211 0
12010212 0
12010220 0
12010221 0
12010222 0
12011000 0
12011001 0
12011002 1
12011010 0
12011011 1
12011012 0
12011020 0
12011021 0
12011022 0
12011100 0
12011101 0
12011102 0
12011110 0
12011111 0
12011112 2
12011120 0
12011121 0
12011122 0
12011200 0
12011201 0
12011202 0
12011210 0
12011211 0
12011212 0
12011220 0
12011221 0
12011222 0
12012000 0
12012001 1
12012002 0
12012010 0
12012011 1
12012012 0
12012020 0
12012021 0
12012022 0
12012100 0
12012101 0
12012102 0
12012110 0
12012111 0
12012112 0
12012120 0
12012121 0
12012122 0
12012200 0
12012201 0
12012202 0
12012210 0
12012211 0
12012212 0
12012220 0
12012221 0
12012222 0
12020000 0
12020001 0
12020002 0
12020010 0
12020011 0
12020012 0
12020020 0
12020021 0
12020022 0
12020100 0
12020101 0
12020102 0
12020110 0
12020111 0
12020112 0
12020120 0
12020121 0
12020122 0
12020200 0
12020201 0
12020202 0
12020210 0
12020211 0
12020212 0
12020220 0
12020221 0
12020222 0
12021000 1
12021001 0
12021002 1
12021010 0
12021011 0
12021012 0
12021020 0
12021021 0
12021022 0
12021100 0
12021101 0
12021102 0
12021110 0
12021111 0
12021112 0
12021120 0
12021121 0
12021122 0
12021200 0
12021201 0
12021202 0
12021210 0
12021211 0
12021212 0
12021220 0
12021221 0
12021222 0
12022000 0
12022001 0
12022002 0
12022010 0
12022011 0
12022012 0
12022020 0
12022021 0
12022022 0
12022100 0
12022101 0
12022102 0
12022110 0
12022111 0
12022112 0
12022120 0
12022121 0
12022122 0
12022200 0
12022201 0
12022202 0
12022210 0
12022211 0
12022212 0
12022220 0
12022221 0
12022222 0
12100000 0
12100001 0
12100002 0
12100010 3 PENDULANT
12100011 0
12100012 1
12100020 0
12100021 0
12100022 3 PENDANTES
12100100 0
12100101 0
12100102 0
12100110 2
12100111 0
12100112 0
12100120 0
12100121 0
12100122 0
12100200 0
12100201 0
12100202 0
12100210 0
12100211 0
12100212 0
12100220 0
12100221 0
12100222 0
12101000 1
12101001 4 PUNISSANT
12101002 0
12101010 2
12101011 2
12101012 0
12101020 0
12101021 0
12101022 1
12101100 0
12101101 0
12101102 0
12101110 2
12101111 1
12101112 1
12101120 0
12101121 0
12101122 0
12101200 0
12101201 0
12101202 0
12101210 0
12101211 0
12101212 0
12101220 0
12101221 0
12101222 1
12102000 0
12102001 0
12102002 0
12102010 2
12102011 3 PENALISTE
12102012 0
12102020 0
12102021 0
12102022 1
12102100 0
12102101 0
12102102 0
12102110 0
12102111 0
12102112 0
12102120 0
12102121 0
12102122 0
12102200 0
12102201 0
12102202 0
12102210 0
12102211 0
12102212 0
12102220 0
12102221 0
12102222 0
12110000 1
12110001 0
12110002 0
12110010 0
12110011 0
12110012 0
12110020 0
12110021 0
12110022 0
12110100 0
12110101 0
12110102 0
12110110 2
12110111 0
12110112 0
12110120 0
12110121 0
12110122 0
12110200 0
12110201 0
12110202 0
12110210 0
12110211 0
12110212 0
12110220 0
12110221 0
12110222 0
12111000 1
12111001 0
12111002 2
12111010 0
12111011 0
12111012 0
12111020 0
12111021 0
12111022 0
12111100 0
12111101 0
12111102 0
12111110 2
12111111 0
12111112 0
12111120 0
12111121 0
12111122 0
12111200 0
12111201 0
12111202 0
12111210 0
12111211 0
12111212 0
12111220 0
12111221 0
12111222 0
12112000 0
12112001 0
12112002 0
12112010 2
12112011 0
12112012 0
12112020 0
12112021 0
12112022 0
12112100 0
12112101 0
12112102 0
12112110 0
12112111 0
12112112 0
12112120 0
12112121 0
12112122 0
12112200 0
12112201 0
12112202 0
12112210 0
12112211 0
12112212 0
12112220 0
12112221 0
12112222 0
12120000 0
12120001 0
12120002 0
12120010 0
12120011 0
12120012 0
12120020 0
12120021 0
12120022 0
12120100 0
12120101 0
12120102 0
12120110 0
12120111 0
12120112 0
12120120 0
12120121 0
12120122 0
12120200 0
12120201 0
12120202 0
12120210 0
12120211 0
12120212 0
12120220 0
12120221 0
12120222 0
12121000 1
12121001 0
12121002 0
12121010 0
12121011 0
12121012 0
12121020 0
12121021 0
12121022 0
12121100 0
12121101 0
12121102 0
12121110 0
12121111 0
12121112 0
12121120 0
12121121 0
12121122 0
12121200 0
12121201 0
12121202 0
12121210 0
12121211 0
12121212 0
12121220 0
12121221 0
12121222 0
12122000 0
12122001 0
12122002 0
12122010 0
12122011 0
12122012 0
12122020 0
12122021 0
12122022 0
12122100 0
12122101 0
12122102 0
12122110 0
12122111 0
12122112 0
12122120 0
12122121 0
12122122 0
12122200 0
12122201 0
12122202 0
12122210 0
12122211 0
12122212 0
12122220 0
12122221 0
12122222 0
12200000 0
12200001 0
12200002 0
12200010 0
12200011 0
12200012 0
12200020 0
12200021 0
12200022 1
12200100 0
12200101 0
12200102 0
12200110 2
12200111 0
12200112 0
12200120 0
12200121 0
12200122 0
12200200 0
12200201 0
12200202 0
12200210 0
12200211 0
12200212 0
12200220 0
12200221 0
12200222 0
12201000 0
12201001 0
12201002 0
12201010 2
12201011 0
12201012 0
12201020 0
12201021 0
12201022 1
12201100 0
12201101 0
12201102 0
12201110 1
12201111 0
12201112 1
12201120 0
12201121 0
12201122 0
12201200 0
12201201 0
12201202 0
12201210 0
12201211 0
12201212 0
12201220 0
12201221 0
12201222 0
12202000 0
12202001 0
12202002 0
12202010 1
12202011 0
12202012 0
12202020 0
12202021 0
12202022 0
12202100 0
12202101 0
12202102 0
12202110 0
12202111 0
12202112 0
12202120 0
12202121 0
12202122 0
12202200 0
12202201 0
12202202 0
12202210 0
12202211 0
12202212 0
12202220 0
12202221 0
12202222 0
12210000 0
12210001 0
12210002 0
12210010 4 PENTHOTAL
12210011 1
12210012 1
12210020 0
12210021 0
12210022 1
12210100 0
12210101 0
12210102 0
12210110 0
12210111 0
12210112 0
12210120 0
12210121 0
12210122 0
12210200 0
12210201 0
12210202 0
12210210 0
12210211 0
12210212 0
12210220 0
12210221 0
12210222 0
12211000 4 PONTILLAT
12211001 0
12211002 2
12211010 0
12211011 0
12211012 0
12211020 0
12211021 0
12211022 0
12211100 0
12211101 0
12211102 0
12211110 1
12211111 0
12211112 1
12211120 0
12211121 0
12211122 0
12211200 0
12211201 0
12211202 0
12211210 0
12211211 0
12211212 0
12211220 0
12211221 0
12211222 0
12212000 0
12212001 0
12212002 0
12212010 1
12212011 0
12212012 0
12212020 0
12212021 0
12212022 0
12212100 0
12212101 0
12212102 0
12212110 0
12212111 0
12212112 0
12212120 0
12212121 0
12212122 0
12212200 0
12212201 0
12212202 0
12212210 0
12212211 0
12212212 0
12212220 0
12212221 0
12212222 0
12220000 0
12220001 0
12220002 0
12220010 0
12220011 1
12220012 0
12220020 0
12220021 0
12220022 0
12220100 0
12220101 0
12220102 0
12220110 0
12220111 0
12220112 0
12220120 0
12220121 0
12220122 0
12220200 0
12220201 0
12220202 0
12220210 0
12220211 0
12220212 0
12220220 0
12220221 0
12220222 0
12221000 0
12221001 0
12221002 0
12221010 0
12221011 0
12221012 0
12221020 0
12221021 0
12221022 0
12221100 0
12221101 0
12221102 0
12221110 0
12221111 0
12221112 0
12221120 0
12221121 0
12221122 0
12221200 0
12221201 0
12221202 0
12221210 0
12221211 0
12221212 0
12221220 0
12221221 0
12221222 0
12222000 0
12222001 0
12222002 0
12222010 0
12222011 0
12222012 0
12222020 0
12222021 0
12222022 0
12222100 0
12222101 0
12222102 0
12222110 0
12222111 0
12222112 0
12222120 0
12222121 0
12222122 0
12222200 0
12222201 0
12222202 0
12222210 0
12222211 0
12222212 0
12222220 0
12222221 0
12222222 0
20000000 0
20000001 0
20000002 0
20000010 0
20000011 4 PACQUASSE
20000012 0
20000020 0
20000021 0
20000022 18 POMPEUSES
20000100 0
20000101 0
20000102 1
20000110 14 PALABRERA
20000111 15 PARESSEUX
20000112 9 PARFASSES
20000120 4 PERLERIEZ
20000121 3 PARLERIEZ
20000122 15 PULSATIFS
20000200 0
20000201 0
20000202 0
20000210 2
20000211 0
20000212 7 PYRAMIDAI
20000220 6 POUDROYER
20000221 0
20000222 1
20001000 1
20001001 2
20001002 7 PADISHAHS
20001010 4 PALMIPEDE
20001011 8 PALISSAGE
20001012 2
20001020 1
20001021 7 POLYIMIDE
20001022 11 PALLIAMES
20001100 1
20001101 1
20001102 5 PARFUMAIS
20001110 9 PALMERAIE
20001111 8 PERLERIEZ
20001112 12 PLUMASSES
20001120 11 PALMERIEZ
20001121 10 PHRASEURS
20001122 11 PERMISSIF
20001200 1
20001201 0
20001202 1
20001210 11 PANDICULA
20001211 0
20001212 3 PAGAIERAS
20001220 3 PAGAIEREZ
20001221 0
20001222 5 PILOCARPE
20002000 0
20002001 0
20002002 1
20002010 2
20002011 3 PERLERIEZ
20002012 0
20002020 1
20002021 0
20002022 2
20002100 1
20002101 0
20002102 0
20002110 6 PARALIQUE
20002111 0
20002112 2
20002120 0
20002121 0
20002122 0
20002200 0
20002201 0
20002202 0
20002210 0
20002211 0
20002212 0
20002220 0
20002221 0
20002222 1
20010000 0
20010001 0
20010002 0
20010010 0
20010011 2
20010012 0
20010020 0
20010021 0
20010022 0
20010100 2
20010101 0
20010102 0
20010110 0
20010111 2
20010112 1
20010120 0
20010121 0
20010122 5 PALOURDES
20010200 0
20010201 0
20010202 0
20010210 0
20010211 0
20010212 0
20010220 0
20010221 0
20010222 0
20011000 0
20011001 0
20011002 1
20011010 2
20011011 1
20011012 0
20011020 0
20011021 1
20011022 1
20011100 0
20011101 0
20011102 0
20011110 0
20011111 1
20011112 1
20011120 0
20011121 0
20011122 2
20011200 0
20011201 0
20011202 0
20011210 0
20011211 0
20011212 0
20011220 0
20011221 0
20011222 1
20012000 1
20012001 0
20012002 0
20012010 1
20012011 0
20012012 0
20012020 0
20012021 0
20012022 0
20012100 0
20012101 0
20012102 1
20012110 3 PAROLIERE
20012111 1
20012112 1
20012120 1
20012121 0
20012122 1
20012200 0
20012201 0
20012202 0
20012210 0
20012211 0
20012212 0
20012220 0
20012221 0
20012222 0
20020000 0
20020001 0
20020002 1
20020010 0
20020011 0
20020012 1
20020020 2
20020021 0
20020022 2
20020100 0
20020101 0
20020102 0
20020110 0
20020111 0
20020112 0
20020120 1
20020121 0
20020122 0
20020200 1
20020201 0
20020202 1
20020210 1
20020211 0
20020212 0
20020220 1
20020221 0
20020222 1
20021000 1
20021001 0
20021002 1
20021010 0
20021011 0
20021012 0
20021020 1
20021021 0
20021022 0
20021100 0
20021101 0
20021102 0
20021110 0
20021111 0
20021112 0
20021120 0
20021121 0
20021122 0
20021200 1
20021201 0
20021202 0
20021210 0
20021211 0
20021212 0
20021220 0
20021221 0
20021222 0
20022000 0
20022001 0
20022002 0
20022010 0
20022011 0
20022012 0
20022020 0
20022021 0
20022022 0
20022100 0
20022101 0
20022102 0
20022110 1
20022111 0
20022112 0
20022120 0
20022121 0
20022122 0
20022200 0
20022201 0
20022202 0
20022210 0
20022211 0
20022212 0
20022220 0
20022221 0
20022222 1
20100000 0
20100001 0
20100002 0
20100010 2
20100011 1
20100012 2
20100020 0
20100021 0
20100022 10 PAULETTES
20100100 1
20100101 1
20100102 1
20100110 15 PATAUGERA
20100111 2
20100112 2
20100120 3 PERLERIEZ
20100121 0
20100122 11 PARAFATES
20100200 0
20100201 0
20100202 0
20100210 0
20100211 0
20100212 2
20100220 2
20100221 0
20100222 3 PRESUMENT
20101000 3 PALPITAIT
20101001 3 PATISSAIT
20101002 2
20101010 9 PAILLETTE
20101011 5 PALETTISE
20101012 2
20101020 5 PALPITIEZ
20101021 1
20101022 5 PAILLETES
20101100 7 PALABRAIT
20101101 0
20101102 0
20101110 11 PARIETALE
20101111 8 PRESURAIS
20101112 0
20101120 1
20101121 1
20101122 0
20101200 1
20101201 0
20101202 1
20101210 3 PATURERAI
20101211 0
20101212 0
20101220 1
20101221 0
20101222 0
20102000 2
20102001 0
20102002 0
20102010 2
20102011 2
20102012 0
20102020 0
20102021 0
20102022 0
20102100 0
20102101 2
20102102 1
20102110 1
20102111 0
20102112 1
20102120 0
20102121 3 PERLERIEZ
20102122 2
20102200 0
20102201 0
20102202 0
20102210 0
20102211 0
20102212 0
20102220 0
20102221 0
20102222 0
20110000 0
20110001 0
20110002 1
20110010 0
20110011 3 PAPOTEUSE
20110012 1
20110020 0
20110021 0
20110022 5 PLOMBAGES
20110100 1
20110101 0
20110102 0
20110110 0
20110111 2
20110112 1
20110120 0
20110121 0
20110122 0
20110200 0
20110201 0
20110202 0
20110210 0
20110211 0
20110212 2
20110220 2
20110221 0
20110222 0
20111000 2
20111001 2
20111002 1
20111010 2
20111011 0
20111012 0
20111020 0
20111021 1
20111022 1
20111100 0
20111101 0
20111102 0
20111110 0
20111111 1
20111112 0
20111120 0
20111121 0
20111122 2
20111200 0
20111201 0
20111202 0
20111210 2
20111211 0
20111212 0
20111220 0
20111221 0
20111222 0
20112000 2
20112001 0
20112002 0
20112010 3 PACOTILLE
20112011 0
20112012 0
20112020 0
20112021 0
20112022 0
20112100 1
20112101 0
20112102 0
20112110 0
20112111 1
20112112 0
20112120 0
20112121 0
20112122 1
20112200 0
20112201 0
20112202 0
20112210 0
20112211 0
20112212 0
20112220 0
20112221 0
20112222 0
20120000 1
20120001 0
20120002 0
20120010 0
20120011 0
20120012 0
20120020 0
20120021 0
20120022 1
20120100 0
20120101 0
20120102 0
20120110 2
20120111 0
20120112 0
20120120 0
20120121 0
20120122 1
20120200 1
20120201 0
20120202 0
20120210 0
20120211 0
20120212 0
20120220 0
20120221 0
20120222 0
20121000 1
20121001 0
20121002 0
20121010 1
20121011 0
20121012 1
20121020 1
20121021 0
20121022 0
20121100 1
20121101 0
20121102 1
20121110 0
20121111 0
20121112 0
20121120 1
20121121 0
20121122 0
20121200 0
20121201 0
20121202 0
20121210 0
20121211 0
20121212 0
20121220 0
20121221 0
20121222 0
20122000 0
20122001 0
20122002 0
20122010 0
20122011 0
20122012 0
20122020 0
20122021 0
20122022 0
20122100 0
20122101 0
20122102 0
20122110 0
20122111 0
20122112 0
20122120 0
20122121 0
20122122 0
20122200 0
20122201 0
20122202 0
20122210 0
20122211 0
20122212 0
20122220 0
20122221 0
20122222 0
20200000 0
20200001 0
20200002 0
20200010 0
20200011 1
20200012 1
20200020 0
20200021 2
20200022 3 PASTEQUES
20200100 0
20200101 0
20200102 0
20200110 4 PARTAGEUR
20200111 0
20200112 1
20200120 0
20200121 1
20200122 1
20200200 0
20200201 0
20200202 0
20200210 0
20200211 0
20200212 0
20200220 0
20200221 0
20200222 1
20201000 0
20201001 7 PATRICIAL
20201002 4 PUSTULENT
20201010 0
20201011 1
20201012 0
20201020 0
20201021 6 PULSATILE
20201022 3 PHYLARQUE
20201100 2
20201101 0
20201102 3 PASTRAMIS
20201110 8 PROJETEUR
20201111 1
20201112 1
20201120 3 PATTERIEZ
20201121 3 POLLUANTS
20201122 2
20201200 0
20201201 0
20201202 0
20201210 0
20201211 0
20201212 0
20201220 0
20201221 0
20201222 0
20202000 0
20202001 0
20202002 0
20202010 0
20202011 0
20202012 0
20202020 0
20202021 0
20202022 0
20202100 0
20202101 0
20202102 0
20202110 0
20202111 0
20202112 0
20202120 0
20202121 0
20202122 0
20202200 0
20202201 0
20202202 0
20202210 0
20202211 0
20202212 0
20202220 0
20202221 0
20202222 0
20210000 0
20210001 0
20210002 0
20210010 0
20210011 0
20210012 0
20210020 0
20210021 0
20210022 0
20210100 0
20210101 0
20210102 0
20210110 0
20210111 0
20210112 0
20210120 0
20210121 0
20210122 0
20210200 0
20210201 0
20210202 0
20210210 0
20210211 0
20210212 0
20210220 0
20210221 0
20210222 0
20211000 0
20211001 0
20211002 0
20211010 0
20211011 0
20211012 0
20211020 0
20211021 0
20211022 0
20211100 0
20211101 0
20211102 0
20211110 0
20211111 0
20211112 0
20211120 0
20211121 0
20211122 0
20211200 0
20211201 0
20211202 0
20211210 0
20211211 0
20211212 0
20211220 0
20211221 0
20211222 0
20212000 0
20212001 0
20212002 0
20212010 0
20212011 0
20212012 0
20212020 0
20212021 0
20212022 0
20212100 0
20212101 0
20212102 0
20212110 0
20212111 0
20212112 0
20212120 0
20212121 0
20212122 0
20212200 0
20212201 0
20212202 0
20212210 0
20212211 0
20212212 0
20212220 0
20212221 0
20212222 0
20220000 0
20220001 0
20220002 0
20220010 0
20220011 0
20220012 0
20220020 1
20220021 0
20220022 0
20220100 1
20220101 2
20220102 3 PASTORATS
20220110 0
20220111 1
20220112 0
20220120 2
20220121 2
20220122 3 PARTOUZES
20220200 0
20220201 0
20220202 0
20220210 0
20220211 0
20220212 0
20220220 0
20220221 0
20220222 0
20221000 0
20221001 0
20221002 0
20221010 0
20221011 0
20221012 0
20221020 0
20221021 0
20221022 0
20221100 1
20221101 1
20221102 0
20221110 0
20221111 0
20221112 0
20221120 0
20221121 0
20221122 0
20221200 0
20221201 0
20221202 0
20221210 0
20221211 0
20221212 0
20221220 0
20221221 0
20221222 0
20222000 0
20222001 0
20222002 0
20222010 0
20222011 0
20222012 0
20222020 0
20222021 0
20222022 0
20222100 0
20222101 0
20222102 0
20222110 0
20222111 0
20222112 0
20222120 0
20222121 0
20222122 0
20222200 0
20222201 0
20222202 0
20222210 0
20222211 0
20222212 0
20222220 0
20222221 0
20222222 0
21000000 0
21000001 0
21000002 3 PACKFUNGS
21000010 0
21000011 1
21000012 1
21000020 4 PALANQUEZ
21000021 0
21000022 5 PALANQUES
21000100 0
21000101 0
21000102 0
21000110 0
21000111 2
21000112 1
21000120 2
21000121 0
21000122 3 PARABENES
21000200 0
21000201 0
21000202 2
21000210 0
21000211 0
21000212 1
21000220 7 PREDIGERE
21000221 0
21000222 2
21001000 4 PALANQUIN
21001001 0
21001002 0
21001010 1
21001011 3 PAISSANCE
21001012 0
21001020 3 PAULINIEN
21001021 1
21001022 1
21001100 1
21001101 0
21001102 0
21001110 4 PARIPENNE
21001111 2
21001112 1
21001120 1
21001121 0
21001122 1
21001200 2
21001201 0
21001202 0
21001210 2
21001211 0
21001212 1
21001220 1
21001221 0
21001222 0
21002000 0
21002001 1
21002002 2
21002010 0
21002011 1
21002012 0
21002020 0
21002021 2
21002022 3 PAGANISES
21002100 1
21002101 0
21002102 2
21002110 0
21002111 0
21002112 2
21002120 3 PERLERIEZ
21002121 1
21002122 1
21002200 0
21002201 0
21002202 0
21002210 0
21002211 0
21002212 0
21002220 0
21002221 0
21002222 0
21010000 0
21010001 0
21010002 2
21010010 1
21010011 0
21010012 1
21010020 0
21010021 0
21010022 0
21010100 0
21010101 0
21010102 6 PROPERGOL
21010110 1
21010111 0
21010112 12 PLUMASSES
21010120 0
21010121 0
21010122 1
21010200 0
21010201 0
21010202 0
21010210 0
21010211 0
21010212 0
21010220 0
21010221 0
21010222 0
21011000 1
21011001 1
21011002 8 PANSLAVES
21011010 2
21011011 1
21011012 0
21011020 0
21011021 0
21011022 0
21011100 1
21011101 0
21011102 3 PARANOIAS
21011110 2
21011111 0
21011112 1
21011120 3 PARANOIEZ
21011121 0
21011122 1
21011200 0
21011201 0
21011202 0
21011210 0
21011211 0
21011212 0
21011220 0
21011221 0
21011222 0
21012000 0
21012001 0
21012002 9 PROGICIEL
21012010 0
21012011 0
21012012 0
21012020 0
21012021 0
21012022 0
21012100 0
21012101 0
21012102 5 PARADIONS
21012110 0
21012111 0
21012112 6 PYRAMIDAI
21012120 0
21012121 0
21012122 0
21012200 0
21012201 0
21012202 0
21012210 0
21012211 0
21012212 0
21012220 0
21012221 0
21012222 0
21020000 0
21020001 0
21020002 1
21020010 2
21020011 0
21020012 0
21020020 0
21020021 0
21020022 0
21020100 1
21020101 0
21020102 2
21020110 2
21020111 0
21020112 0
21020120 4 POUFFEREZ
21020121 0
21020122 2
21020200 0
21020201 0
21020202 0
21020210 0
21020211 0
21020212 0
21020220 0
21020221 0
21020222 0
21021000 1
21021001 0
21021002 0
21021010 0
21021011 0
21021012 0
21021020 1
21021021 0
21021022 0
21021100 1
21021101 0
21021102 1
21021110 0
21021111 0
21021112 0
21021120 0
21021121 0
21021122 0
21021200 0
21021201 0
21021202 0
21021210 0
21021211 0
21021212 0
21021220 0
21021221 0
21021222 0
21022000 0
21022001 0
21022002 0
21022010 0
21022011 0
21022012 0
21022020 0
21022021 0
21022022 0
21022100 0
21022101 0
21022102 0
21022110 0
21022111 0
21022112 0
21022120 0
21022121 0
21022122 0
21022200 0
21022201 0
21022202 0
21022210 0
21022211 0
21022212 0
21022220 0
21022221 0
21022222 0
21100000 3 PALANQUAT
21100001 2
21100002 0
21100010 9 PATENTEUX
21100011 4 PAGAYAMES
21100012 2
21100020 0
21100021 0
21100022 3 PATENTEES
21100100 4 PARJURANT
21100101 0
21100102 0
21100110 17 PERMUTEES
21100111 10 PRESUREES
21100112 3 PATERNELS
21100120 0
21100121 0
21100122 1
21100200 2
21100201 0
21100202 0
21100210 0
21100211 0
21100212 0
21100220 0
21100221 0
21100222 0
21101000 2
21101001 3 PATISSANT
21101002 0
21101010 6 PALMITINE
21101011 5 PATISSENT
21101012 3 PATIENTAS
21101020 2
21101021 0
21101022 6 PAGINATES
21101100 2
21101101 0
21101102 0
21101110 6 PARIERENT
21101111 0
21101112 1
21101120 2
21101121 0
21101122 1
21101200 0
21101201 0
21101202 0
21101210 1
21101211 0
21101212 1
21101220 1
21101221 0
21101222 0
21102000 2
21102001 1
21102002 0
21102010 7 PALMAIENT
21102011 3 PULSATIFS
21102012 1
21102020 2
21102021 0
21102022 2
21102100 1
21102101 0
21102102 0
21102110 2
21102111 1
21102112 0
21102120 1
21102121 0
21102122 0
21102200 0
21102201 0
21102202 0
21102210 0
21102211 0
21102212 0
21102220 0
21102221 0
21102222 0
21110000 1
21110001 0
21110002 2
21110010 3 PACHTOUNE
21110011 0
21110012 2
21110020 0
21110021 0
21110022 1
21110100 1
21110101 0
21110102 0
21110110 8 PERMEABLE
21110111 4 PERLOUSES
21110112 0
21110120 0
21110121 0
21110122 0
21110200 0
21110201 0
21110202 0
21110210 0
21110211 0
21110212 0
21110220 0
21110221 0
21110222 0
21111000 2
21111001 3 PAVOISANT
21111002 4 PATISSONS
21111010 0
21111011 2
21111012 0
21111020 1
21111021 0
21111022 0
21111100 1
21111101 0
21111102 0
21111110 2
21111111 0
21111112 0
21111120 0
21111121 0
21111122 0
21111200 0
21111201 0
21111202 0
21111210 0
21111211 0
21111212 0
21111220 0
21111221 0
21111222 0
21112000 0
21112001 0
21112002 4 PELOTONNE
21112010 0
21112011 0
21112012 0
21112020 0
21112021 0
21112022 0
21112100 1
21112101 0
21112102 3 PATIRIONS
21112110 1
21112111 0
21112112 0
21112120 0
21112121 0
21112122 0
21112200 0
21112201 0
21112202 0
21112210 0
21112211 0
21112212 0
21112220 0
21112221 0
21112222 0
21120000 2
21120001 0
21120002 1
21120010 4 PATHOGENE
21120011 0
21120012 1
21120020 0
21120021 0
21120022 1
21120100 4 PATRONNAT
21120101 0
21120102 3 PATRONNAS
21120110 5 PATRONALE
21120111 0
21120112 0
21120120 3 PERLERIEZ
21120121 0
21120122 1
21120200 0
21120201 0
21120202 0
21120210 0
21120211 0
21120212 0
21120220 0
21120221 0
21120222 0
21121000 1
21121001 0
21121002 1
21121010 0
21121011 0
21121012 0
21121020 1
21121021 0
21121022 0
21121100 2
21121101 0
21121102 0
21121110 0
21121111 0
21121112 0
21121120 0
21121121 0
21121122 0
21121200 0
21121201 0
21121202 0
21121210 0
21121211 0
21121212 0
21121220 0
21121221 0
21121222 0
21122000 0
21122001 0
21122002 0
21122010 1
21122011 0
21122012 0
21122020 0
21122021 0
21122022 0
21122100 0
21122101 0
21122102 0
21122110 0
21122111 0
21122112 0
21122120 0
21122121 0
21122122 0
21122200 0
21122201 0
21122202 0
21122210 0
21122211 0
21122212 0
21122220 0
21122221 0
21122222 0
21200000 0
21200001 0
21200002 0
21200010 0
21200011 0
21200012 0
21200020 0
21200021 0
21200022 0
21200100 0
21200101 0
21200102 0
21200110 2
21200111 0
21200112 0
21200120 0
21200121 0
21200122 2
21200200 0
21200201 0
21200202 0
21200210 0
21200211 0
21200212 0
21200220 0
21200221 0
21200222 0
21201000 0
21201001 1
21201002 0
21201010 0
21201011 1
21201012 0
21201020 0
21201021 0
21201022 0
21201100 0
21201101 0
21201102 1
21201110 1
21201111 1
21201112 0
21201120 0
21201121 0
21201122 0
21201200 0
21201201 0
21201202 0
21201210 0
21201211 0
21201212 0
21201220 0
21201221 0
21201222 0
21202000 0
21202001 0
21202002 0
21202010 1
21202011 0
21202012 0
21202020 0
21202021 0
21202022 0
21202100 0
21202101 0
21202102 0
21202110 1
21202111 0
21202112 0
21202120 0
21202121 0
21202122 0
21202200 0
21202201 0
21202202 0
21202210 0
21202211 0
21202212 0
21202220 0
21202221 0
21202222 0
21210000 0
21210001 0
21210002 0
21210010 0
21210011 0
21210012 0
21210020 0
21210021 0
21210022 0
21210100 0
21210101 0
21210102 0
21210110 1
21210111 0
21210112 1
21210120 0
21210121 0
21210122 0
21210200 0
21210201 0
21210202 0
21210210 0
21210211 0
21210212 0
21210220 0
21210221 0
21210222 0
21211000 0
21211001 0
21211002 1
21211010 0
21211011 0
21211012 0
21211020 0
21211021 0
21211022 0
21211100 2
21211101 0
21211102 1
21211110 0
21211111 0
21211112 0
21211120 0
21211121 0
21211122 0
21211200 0
21211201 0
21211202 0
21211210 0
21211211 0
21211212 0
21211220 0
21211221 0
21211222 0
21212000 0
21212001 0
21212002 0
21212010 0
21212011 0
21212012 0
21212020 0
21212021 0
21212022 0
21212100 0
21212101 0
21212102 1
21212110 0
21212111 0
21212112 0
21212120 0
21212121 0
21212122 0
21212200 0
21212201 0
21212202 0
21212210 0
21212211 0
21212212 0
21212220 0
21212221 0
21212222 0
21220000 0
21220001 0
21220002 0
21220010 0
21220011 0
21220012 0
21220020 0
21220021 0
21220022 0
21220100 0
21220101 0
21220102 0
21220110 0
21220111 0
21220112 0
21220120 0
21220121 0
21220122 0
21220200 0
21220201 0
21220202 0
21220210 0
21220211 0
21220212 0
21220220 0
21220221 0
21220222 0
21221000 0
21221001 0
21221002 0
21221010 0
21221011 0
21221012 0
21221020 0
21221021 0
21221022 0
21221100 0
21221101 0
21221102 0
21221110 0
21221111 0
21221112 0
21221120 0
21221121 1
21221122 0
21221200 0
21221201 0
21221202 0
21221210 0
21221211 0
21221212 0
21221220 0
21221221 0
21221222 0
21222000 0
21222001 0
21222002 0
21222010 0
21222011 0
21222012 0
21222020 0
21222021 0
21222022 0
21222100 0
21222101 0
21222102 0
21222110 0
21222111 0
21222112 0
21222120 0
21222121 0
21222122 0
21222200 0
21222201 0
21222202 0
21222210 0
21222211 0
21222212 0
21222220 0
21222221 0
21222222 0
22000000 0
22000001 0
22000002 0
22000010 1
22000011 0
22000012 1
22000020 0
22000021 1
22000022 5 PANSLAVES
22000100 0
22000101 0
22000102 0
22000110 3 PANGRAMME
22000111 0
22000112 0
22000120 0
22000121 0
22000122 1
22000200 0
22000201 0
22000202 0
22000210 0
22000211 0
22000212 0
22000220 0
22000221 0
22000222 0
22001000 1
22001001 0
22001002 2
22001010 2
22001011 0
22001012 0
22001020 3 PANIQUIEZ
22001021 1
22001022 4 PANIQUEES
22001100 1
22001101 0
22001102 0
22001110 1
22001111 0
22001112 2
22001120 1
22001121 1
22001122 0
22001200 0
22001201 0
22001202 0
22001210 1
22001211 0
22001212 0
22001220 0
22001221 0
22001222 0
22002000 0
22002001 0
22002002 1
22002010 0
22002011 0
22002012 0
22002020 1
22002021 0
22002022 1
22002100 0
22002101 0
22002102 0
22002110 1
22002111 0
22002112 0
22002120 0
22002121 0
22002122 0
22002200 0
22002201 0
22002202 0
22002210 0
22002211 0
22002212 0
22002220 0
22002221 0
22002222 0
22010000 0
22010001 0
22010002 1
22010010 1
22010011 0
22010012 0
22010020 0
22010021 0
22010022 1
22010100 0
22010101 0
22010102 1
22010110 0
22010111 0
22010112 2
22010120 0
22010121 0
22010122 0
22010200 0
22010201 0
22010202 0
22010210 0
22010211 0
22010212 0
22010220 0
22010221 0
22010222 0
22011000 0
22011001 0
22011002 1
22011010 0
22011011 0
22011012 0
22011020 0
22011021 0
22011022 1
22011100 0
22011101 0
22011102 0
22011110 0
22011111 0
22011112 0
22011120 0
22011121 0
22011122 0
22011200 0
22011201 0
22011202 0
22011210 0
22011211 0
22011212 0
22011220 0
22011221 0
22011222 0
22012000 0
22012001 0
22012002 1
22012010 0
22012011 0
22012012 0
22012020 0
22012021 0
22012022 0
22012100 0
22012101 0
22012102 0
22012110 0
22012111 0
22012112 1
22012120 0
22012121 0
22012122 0
22012200 0
22012201 0
22012202 0
22012210 0
22012211 0
22012212 0
22012220 0
22012221 0
22012222 0
22020000 0
22020001 0
22020002 0
22020010 0
22020011 0
22020012 0
22020020 0
22020021 0
22020022 0
22020100 0
22020101 0
22020102 0
22020110 0
22020111 0
22020112 0
22020120 0
22020121 0
22020122 0
22020200 0
22020201 0
22020202 0
22020210 0
22020211 0
22020212 0
22020220 0
22020221 0
22020222 0
22021000 0
22021001 0
22021002 1
22021010 0
22021011 0
22021012 0
22021020 0
22021021 0
22021022 0
22021100 0
22021101 0
22021102 0
22021110 0
22021111 0
22021112 0
22021120 0
22021121 0
22021122 0
22021200 0
22021201 0
22021202 0
22021210 0
22021211 0
22021212 0
22021220 0
22021221 0
22021222 0
22022000 0
22022001 0
22022002 0
22022010 0
22022011 0
22022012 0
22022020 0
22022021 0
22022022 0
22022100 0
22022101 0
22022102 0
22022110 0
22022111 0
22022112 0
22022120 0
22022121 0
22022122 0
22022200 0
22022201 0
22022202 0
22022210 0
22022211 0
22022212 0
22022220 0
22022221 0
22022222 0
22100000 1
22100001 0
22100002 0
22100010 4 PANATELLA
22100011 2
22100012 1
22100020 1
22100021 0
22100022 1
22100100 0
22100101 0
22100102 0
22100110 1
22100111 1
22100112 0
22100120 0
22100121 0
22100122 1
22100200 0
22100201 0
22100202 0
22100210 0
22100211 0
22100212 0
22100220 0
22100221 0
22100222 0
22101000 3 PANIQUANT
22101001 0
22101002 1
22101010 1
22101011 0
22101012 0
22101020 0
22101021 0
22101022 0
22101100 0
22101101 0
22101102 0
22101110 1
22101111 1
22101112 0
22101120 0
22101121 0
22101122 0
22101200 0
22101201 0
22101202 0
22101210 1
22101211 0
22101212 0
22101220 0
22101221 0
22101222 0
22102000 2
22102001 0
22102002 0
22102010 2
22102011 2
22102012 0
22102020 0
22102021 0
22102022 0
22102100 0
22102101 0
22102102 0
22102110 1
22102111 0
22102112 1
22102120 0
22102121 0
22102122 0
22102200 0
22102201 0
22102202 0
22102210 0
22102211 0
22102212 0
22102220 0
22102221 0
22102222 0
22110000 0
22110001 0
22110002 0
22110010 1
22110011 0
22110012 1
22110020 0
22110021 0
22110022 0
22110100 0
22110101 0
22110102 0
22110110 1
22110111 1
22110112 0
22110120 0
22110121 0
22110122 0
22110200 0
22110201 0
22110202 0
22110210 0
22110211 0
22110212 0
22110220 0
22110221 0
22110222 0
22111000 0
22111001 0
22111002 0
22111010 0
22111011 0
22111012 0
22111020 0
22111021 0
22111022 0
22111100 0
22111101 0
22111102 0
22111110 0
22111111 0
22111112 0
22111120 0
22111121 0
22111122 0
22111200 0
22111201 0
22111202 0
22111210 0
22111211 0
22111212 0
22111220 0
22111221 0
22111222 0
22112000 0
22112001 0
22112002 0
22112010 0
22112011 0
22112012 0
22112020 0
22112021 0
22112022 0
22112100 0
22112101 0
22112102 0
22112110 0
22112111 0
22112112 0
22112120 0
22112121 0
22112122 0
22112200 0
22112201 0
22112202 0
22112210 0
22112211 0
22112212 0
22112220 0
22112221 0
22112222 0
22120000 0
22120001 0
22120002 0
22120010 0
22120011 0
22120012 0
22120020 0
22120021 0
22120022 0
22120100 0
22120101 0
22120102 0
22120110 0
22120111 0
22120112 0
22120120 0
22120121 0
22120122 0
22120200 0
22120201 0
22120202 0
22120210 0
22120211 0
22120212 0
22120220 0
22120221 0
22120222 0
22121000 0
22121001 0
22121002 0
22121010 1
22121011 0
22121012 0
22121020 0
22121021 0
22121022 0
22121100 0
22121101 0
22121102 0
22121110 0
22121111 0
22121112 0
22121120 0
22121121 0
22121122 0
22121200 0
22121201 0
22121202 0
22121210 0
22121211 0
22121212 0
22121220 0
22121221 0
22121222 0
22122000 0
22122001 0
22122002 0
22122010 0
22122011 0
22122012 0
22122020 0
22122021 0
22122022 0
22122100 0
22122101 0
22122102 0
22122110 0
22122111 0
22122112 0
22122120 0
22122121 0
22122122 0
22122200 0
22122201 0
22122202 0
22122210 0
22122211 0
22122212 0
22122220 0
22122221 0
22122222 0
22200000 0
22200001 0
22200002 0
22200010 2
22200011 0
22200012 0
22200020 0
22200021 0
22200022 2
22200100 0
22200101 0
22200102 0
22200110 1
22200111 0
22200112 0
22200120 0
22200121 0
22200122 0
22200200 0
22200201 0
22200202 0
22200210 0
22200211 0
22200212 0
22200220 0
22200221 0
22200222 1
22201000 0
22201001 0
22201002 0
22201010 1
22201011 0
22201012 1
22201020 1
22201021 0
22201022 0
22201100 0
22201101 0
22201102 0
22201110 0
22201111 0
22201112 0
22201120 0
22201121 0
22201122 0
22201200 0
22201201 0
22201202 0
22201210 0
22201211 0
22201212 0
22201220 0
22201221 0
22201222 1
22202000 0
22202001 0
22202002 0
22202010 0
22202011 0
22202012 0
22202020 0
22202021 0
22202022 0
22202100 0
22202101 0
22202102 0
22202110 0
22202111 0
22202112 0
22202120 0
22202121 0
22202122 0
22202200 0
22202201 0
22202202 0
22202210 0
22202211 0
22202212 0
22202220 0
22202221 0
22202222 0
22210000 0
22210001 0
22210002 1
22210010 0
22210011 0
22210012 2
22210020 0
22210021 0
22210022 0
22210100 0
22210101 0
22210102 0
22210110 0
22210111 0
22210112 0
22210120 0
22210121 0
22210122 0
22210200 0
22210201 0
22210202 0
22210210 0
22210211 0
22210212 0
22210220 0
22210221 0
22210222 0
22211000 0
22211001 0
22211002 0
22211010 0
22211011 0
22211012 0
22211020 0
22211021 0
22211022 0
22211100 0
22211101 0
22211102 0
22211110 0
22211111 0
22211112 0
22211120 0
22211121 0
22211122 0
22211200 0
22211201 0
22211202 0
22211210 0
22211211 0
22211212 0
22211220 0
22211221 0
22211222 0
22212000 0
22212001 0
22212002 0
22212010 0
22212011 0
22212012 0
22212020 0
22212021 0
22212022 0
22212100 0
22212101 0
22212102 0
22212110 0
22212111 0
22212112 0
22212120 0
22212121 0
22212122 0
22212200 0
22212201 0
22212202 0
22212210 0
22212211 0
22212212 0
22212220 0
22212221 0
22212222 0
22220000 1
22220001 0
22220002 0
22220010 2
22220011 0
22220012 0
22220020 0
22220021 0
22220022 0
22220100 0
22220101 0
22220102 0
22220110 0
22220111 0
22220112 0
22220120 0
22220121 0
22220122 0
22220200 0
22220201 0
22220202 0
22220210 0
22220211 0
22220212 0
22220220 0
22220221 0
22220222 0
22221000 0
22221001 0
22221002 0
22221010 1
22221011 0
22221012 0
22221020 0
22221021 0
22221022 0
22221100 0
22221101 0
22221102 0
22221110 0
22221111 0
22221112 0
22221120 0
22221121 0
22221122 0
22221200 0
22221201 0
22221202 0
22221210 0
22221211 0
22221212 0
22221220 0
22221221 0
22221222 0
22222000 0
22222001 0
22222002 0
22222010 0
22222011 0
22222012 0
22222020 0
22222021 0
22222022 1
22222100 0
22222101 0
22222102 0
22222110 0
22222111 0
22222112 0
22222120 0
22222121 0
22222122 0
22222200 0
22222201 0
22222202 0
22222210 0
22222211 0
22222212 0
22222220 0
22222221 0
22222222 1