00000 20 POULOT
00001 2
00002 14 PONCAT
00010 46 PLUTON
00011 10 POTELE
00012 18 PENTUS
00020 41 PONTEE
00021 7 PENSEZ
00022 46 PLUTON
00100 15 PONTIL
00101 6 POISON
00102 23 PONTIL
00110 40 POTELE
00111 6 PUIONS
00112 5 PILETS
00120 26 PONTEE
00121 6 PISTEZ
00122 27 PELENT
00200 2
00201 0
00202 3 POLIOS
00210 10 PECTEN
00211 0
00212 5 PEKINS
00220 16 PILANT
00221 2
00222 6 PLUMAT
01000 7 PROMUT
01001 0
01002 11 PLUMAT
01010 28 PROUTE
01011 7 PREUSE
01012 4 PREVUS
01020 34 PONTEE
01021 4 PENSER
01022 13 PLUTON
01100 9 PROFIT
01101 1
01102 3 PRIONS
01110 24 PIERRE
01111 2
01112 4 PROVOC
01120 19 POINTE
01121 6 PRISEZ
01122 7 PRESTE
01200 0
01201 0
01202 0
01210 1
01211 0
01212 0
01220 7 PIPAIT
01221 0
01222 1
02000 2
02001 0
02002 3 PORNOS
02010 18 PONDUE
02011 0
02012 4 PROVOC
02020 14 PECULE
02021 1
02022 8 PELENT
02100 1
02101 0
02102 0
02110 3 PERMIT
02111 1
02112 2
02120 0
02121 0
02122 0
02200 1
02201 0
02202 1
02210 4 PLUMAT
02211 0
02212 1
02220 0
02221 0
02222 1
10000 27 PLUTON
10001 9 PHASAT
10002 19 PLUTON
10010 29 PELANT
10011 12 PASSAT
10012 8 PLACAT
10020 6 PATCHE
10021 1
10022 9 PUTSCH
10100 61 PINCAT
10101 12 PUISAI
10102 24 PILANT
10110 27 PLANAT
10111 3 PESAIT
10112 6 PERLAT
10120 2
10121 0
10122 0
10200 5 POTINA
10201 0
10202 2
10210 4 PERDIT
10211 1
10212 1
10220 0
10221 0
10222 1
11000 13 PONDIT
11001 1
11002 3 PROBAS
11010 16 PELOTA
11011 4 PIETRE
11012 3 PRETAS
11020 3 PLANER
11021 1
11022 2
11100 15 PONTAI
11101 2
11102 5 PRIMAS
11110 14 PILENT
11111 0
11112 0
11120 0
11121 0
11122 0
11200 3 PLAIRA
11201 0
11202 0
11210 2
11211 0
11212 0
11220 0
11221 0
11222 0
12000 2
12001 1
12002 1
12010 7 PICOLA
12011 2
12012 2
12020 1
12021 0
12022 0
12100 3 PORTAI
12101 0
12102 0
12110 4 PERCAI
12111 0
12112 0
12120 0
12121 0
12122 0
12200 0
12201 0
12202 0
12210 2
12211 0
12212 0
12220 0
12221 0
12222 0
20000 20 PUCANT
20001 7 PUCANT
20002 32 PLUTON
20010 34 PUCANT
20011 1
20012 5 PAGELS
20020 11 PLUMEE
20021 8 PECTEN
20022 22 PUCENT
20100 14 PALMAT
20101 6 PUFFIN
20102 8 PLUTON
20110 6 PAELIA
20111 1
20112 1
20120 0
20121 0
20122 0
20200 4 PAGINA
20201 0
20202 3 PATIOS
20210 2
20211 0
20212 0
20220 5 PYGMEE
20221 0
20222 2
21000 4 PATURA
21001 0
21002 0
21010 14 PLEUVE
21011 0
21012 1
21020 6 PLENUM
21021 4 PUNCHS
21022 2
21100 1
21101 0
21102 0
21110 5 PATRIE
21111 0
21112 0
21120 0
21121 0
21122 1
21200 2
21201 0
21202 0
21210 0
21211 0
21212 0
21220 3 PELENT
21221 0
21222 0
22000 9 PIFANT
22001 1
22002 4 PLOUKS
22010 11 POUTRE
22011 0
22012 1
22020 4 PERLER
22021 4 PECHER
22022 5 PULSAT
22100 8 POTAIT
22101 1
22102 6 POSTAS
22110 2
22111 1
22112 0
22120 0
22121 0
22122 0
22200 3 PARTON
22201 0
22202 1
22210 2
22211 0
22212 0
22220 3 PARURE
22221 0
22222 1