0000000 6 PLECQUEZ
0000001 3 PLUMEUSE
0000002 10 PEUPLEES
0000010 1
0000011 1
0000012 3 PENCHEES
0000020 1
0000021 0
0000022 2
0000100 9 PAUMOYEE
0000101 7 POMPEUSE
0000102 11 PELEMELE
0000110 4 PHLEGMON
0000111 2
0000112 5 PHONEMES
0000120 3 POUPONNE
0000121 1
0000122 1
0000200 2
0000201 4 PSYCHOSE
0000202 1
0000210 1
0000211 0
0000212 0
0000220 1
0000221 0
0000222 11 PLIEUSES
0001000 9 PIMBECHE
0001001 10 PLEUREES
0001002 8 PIPEUSES
0001010 3 PEIGNIEZ
0001011 2
0001012 8 PLISSEES
0001020 4 PUBIENNE
0001021 0
0001022 0
0001100 10 POUILLEZ
0001101 6 POUSSIVE
0001102 14 PULTACEE
0001110 16 PIONCIEZ
0001111 1
0001112 6 POPINEES
0001120 3 PLIOCENE
0001121 1
0001122 1
0001200 1
0001201 1
0001202 0
0001210 0
0001211 0
0001212 1
0001220 2
0001221 0
0001222 14 PILONNEE
0002000 4 PUBLIQUE
0002001 1
0002002 1
0002010 3 PUCCINIE
0002011 1
0002012 7 PISCINES
0002020 0
0002021 0
0002022 1
0002100 2
0002101 1
0002102 2
0002110 3 PHONIQUE
0002111 1
0002112 6 POLARDES
0002120 0
0002121 0
0002122 0
0002200 0
0002201 1
0002202 0
0002210 0
0002211 0
0002212 0
0002220 0
0002221 0
0002222 30 POPULAGE
0010000 6 PELLETTE
0010001 0
0010002 5 PESETTES
0010010 1
0010011 0
0010012 1
0010020 7 PLUCHENT
0010021 1
0010022 0
0010100 10 PALMACEE
0010101 0
0010102 5 POTELETS
0010110 7 PETONCLE
0010111 0
0010112 3 PONETTES
0010120 6 PROMUMES
0010121 2
0010122 0
0010200 2
0010201 1
0010202 1
0010210 0
0010211 0
0010212 0
0010220 0
0010221 0
0010222 2
0011000 11 PIECETTE
0011001 2
0011002 12 PIPELETS
0011010 7 PINCETTE
0011011 0
0011012 4 PLINTHES
0011020 7 PUNITION
0011021 2
0011022 0
0011100 6 PULTACEE
0011101 7 POSITIVE
0011102 9 POLICEES
0011110 6 PONCTION
0011111 1
0011112 5 POIGNETS
0011120 12 POTLATCH
0011121 1
0011122 3 PICOTINS
0011200 1
0011201 0
0011202 0
0011210 1
0011211 0
0011212 0
0011220 1
0011221 0
0011222 8 PINNULES
0012000 2
0012001 2
0012002 3 PULPITES
0012010 0
0012011 0
0012012 1
0012020 1
0012021 0
0012022 1
0012100 1
0012101 2
0012102 1
0012110 0
0012111 1
0012112 1
0012120 0
0012121 0
0012122 0
0012200 1
0012201 0
0012202 1
0012210 0
0012211 0
0012212 0
0012220 0
0012221 0
0012222 0
0020000 0
0020001 4 PESTEUSE
0020002 1
0020010 0
0020011 0
0020012 0
0020020 0
0020021 0
0020022 0
0020100 1
0020101 5 POSTULEZ
0020102 2
0020110 0
0020111 0
0020112 3 PENTOSES
0020120 0
0020121 1
0020122 0
0020200 0
0020201 1
0020202 0
0020210 1
0020211 0
0020212 0
0020220 0
0020221 0
0020222 1
0021000 0
0021001 1
0021002 0
0021010 0
0021011 0
0021012 0
0021020 0
0021021 0
0021022 0
0021100 1
0021101 3 POUTSIEZ
0021102 1
0021110 1
0021111 0
0021112 0
0021120 1
0021121 1
0021122 0
0021200 0
0021201 0
0021202 0
0021210 0
0021211 0
0021212 0
0021220 0
0021221 0
0021222 0
0022000 2
0022001 3 PIETISTE
0022002 1
0022010 3 PECTINEE
0022011 0
0022012 3 PECTINES
0022020 0
0022021 0
0022022 0
0022100 2
0022101 4 POETISME
0022102 1
0022110 3 PONTILLE
0022111 0
0022112 3 PONTIFES
0022120 0
0022121 0
0022122 0
0022200 0
0022201 0
0022202 0
0022210 0
0022211 0
0022212 0
0022220 0
0022221 0
0022222 8 PISTONNE
0100000 28 PERLEREZ
0100001 11 PREFERER
0100002 15 PRECEDER
0100010 9 PRUNELLE
0100011 3 PRENEUSE
0100012 3 PENSEURS
0100020 0
0100021 0
0100022 1
0100100 42 POELEREZ
0100101 17 PRORUSSE
0100102 19 PRESURES
0100110 19 PRENDREZ
0100111 1
0100112 10 POLYPEUX
0100120 1
0100121 0
0100122 1
0100200 3 POUDROYE
0100201 0
0100202 1
0100210 0
0100211 1
0100212 0
0100220 0
0100221 0
0100222 12 PRESSEUR
0101000 31 PRELEVER
0101001 12 PLISSEUR
0101002 14 PILEUSES
0101010 16 PIGNEREZ
0101011 1
0101012 6 PINCURES
0101020 3 PIERCING
0101021 1
0101022 2
0101100 25 POURRIEL
0101101 6 PHORESIE
0101102 13 POURRIES
0101110 8 PIONNIER
0101111 1
0101112 2
0101120 2
0101121 0
0101122 1
0101200 5 POURVOIR
0101201 2
0101202 2
0101210 1
0101211 0
0101212 0
0101220 0
0101221 0
0101222 13 PINEALES
0102000 8 PREDIREZ
0102001 11 PRODROME
0102002 16 PREDIMES
0102010 2
0102011 0
0102012 3 PEBRINES
0102020 0
0102021 0
0102022 1
0102100 8 PERFUSEZ
0102101 1
0102102 14 PLOMBEUX
0102110 2
0102111 0
0102112 1
0102120 1
0102121 0
0102122 1
0102200 0
0102201 0
0102202 0
0102210 0
0102211 0
0102212 0
0102220 0
0102221 0
0102222 7 PROMESSE
0110000 3 PREEMPTE
0110001 3 PETREUSE
0110002 5 PLEUTRES
0110010 6 PREREGLE
0110011 1
0110012 3 PRESENTS
0110020 6 PLECQUAI
0110021 3 PRESTENT
0110022 0
0110100 9 PRIMEREZ
0110101 3 PROSTYLE
0110102 7 PROMUTES
0110110 3 PONCTURE
0110111 0
0110112 1
0110120 5 POTERENT
0110121 1
0110122 0
0110200 2
0110201 0
0110202 1
0110210 0
0110211 0
0110212 0
0110220 7 PETANQUE
0110221 2
0110222 4 PETERONS
0111000 8 PITERIEZ
0111001 3 PRESTIGE
0111002 3 PRECUITS
0111010 4 PEINTURE
0111011 0
0111012 1
0111020 11 PIPELETS
0111021 1
0111022 0
0111100 9 PROUTIEZ
0111101 3 PISSOTER
0111102 5 POTIERES
0111110 4 PITONNER
0111111 1
0111112 1
0111120 3 POLIRENT
0111121 0
0111122 0
0111200 3 PIEDROIT
0111201 0
0111202 2
0111210 0
0111211 0
0111212 0
0111220 11 PIGNOLEE
0111221 0
0111222 2
0112000 5 PETRIREZ
0112001 1
0112002 7 PREDITES
0112010 0
0112011 0
0112012 0
0112020 1
0112021 0
0112022 0
0112100 2
0112101 0
0112102 4 PROBAMES
0112110 0
0112111 0
0112112 0
0112120 1
0112121 0
0112122 0
0112200 0
0112201 0
0112202 0
0112210 0
0112211 0
0112212 0
0112220 0
0112221 0
0112222 0
0120000 3 PRETEXTE
0120001 3 PESTEREZ
0120002 2
0120010 2
0120011 0
0120012 2
0120020 0
0120021 0
0120022 0
0120100 4 PROTOURE
0120101 5 PROTHESE
0120102 5 PRESAGES
0120110 2
0120111 0
0120112 1
0120120 0
0120121 0
0120122 0
0120200 2
0120201 0
0120202 0
0120210 0
0120211 0
0120212 0
0120220 0
0120221 0
0120222 1
0121000 3 PIETEREZ
0121001 2
0121002 1
0121010 1
0121011 0
0121012 0
0121020 0
0121021 0
0121022 0
0121100 2
0121101 0
0121102 0
0121110 0
0121111 0
0121112 0
0121120 2
0121121 0
0121122 0
0121200 0
0121201 0
0121202 0
0121210 0
0121211 0
0121212 0
0121220 0
0121221 0
0121222 0
0122000 0
0122001 0
0122002 0
0122010 1
0122011 0
0122012 0
0122020 0
0122021 0
0122022 0
0122100 1
0122101 3 POETISER
0122102 3 POSTIERS
0122110 0
0122111 0
0122112 1
0122120 0
0122121 0
0122122 0
0122200 0
0122201 0
0122202 0
0122210 0
0122211 0
0122212 0
0122220 0
0122221 0
0122222 1
0200000 11 PERCHEUR
0200001 7 PREREGLE
0200002 7 PULSERAS
0200010 2
0200011 0
0200012 1
0200020 1
0200021 0
0200022 0
0200100 12 PERLEREZ
0200101 2
0200102 5 PYRROLES
0200110 0
0200111 0
0200112 0
0200120 2
0200121 1
0200122 0
0200200 0
0200201 1
0200202 0
0200210 0
0200211 0
0200212 0
0200220 0
0200221 0
0200222 4 PERORONS
0201000 7 PERIRIEZ
0201001 2
0201002 10 PSYLLIUM
0201010 4 PHRYGIEN
0201011 0
0201012 1
0201020 1
0201021 0
0201022 0
0201100 3 PERORIEZ
0201101 0
0201102 4 PIROGUES
0201110 1
0201111 0
0201112 0
0201120 0
0201121 0
0201122 0
0201200 4 PERCHOIR
0201201 0
0201202 0
0201210 0
0201211 0
0201212 0
0201220 0
0201221 0
0201222 2
0202000 3 PERVIBRE
0202001 5 PULLMANS
0202002 5 PERDIMES
0202010 0
0202011 0
0202012 0
0202020 0
0202021 0
0202022 1
0202100 1
0202101 0
0202102 0
0202110 0
0202111 0
0202112 1
0202120 0
0202121 0
0202122 0
0202200 0
0202201 0
0202202 0
0202210 0
0202211 0
0202212 0
0202220 0
0202221 0
0202222 4 PULTACEE
0210000 12 PRIMEREZ
0210001 0
0210002 3 PERCEPTS
0210010 0
0210011 0
0210012 0
0210020 3 PERCHENT
0210021 0
0210022 0
0210100 1
0210101 0
0210102 0
0210110 0
0210111 0
0210112 0
0210120 1
0210121 0
0210122 0
0210200 0
0210201 0
0210202 0
0210210 0
0210211 0
0210212 0
0210220 1
0210221 0
0210222 0
0211000 2
0211001 0
0211002 1
0211010 0
0211011 0
0211012 0
0211020 2
0211021 0
0211022 0
0211100 0
0211101 2
0211102 0
0211110 0
0211111 0
0211112 0
0211120 0
0211121 0
0211122 1
0211200 0
0211201 0
0211202 1
0211210 0
0211211 0
0211212 0
0211220 1
0211221 0
0211222 0
0212000 0
0212001 1
0212002 3 PUDDLAGE
0212010 0
0212011 0
0212012 0
0212020 0
0212021 0
0212022 0
0212100 0
0212101 1
0212102 1
0212110 0
0212111 0
0212112 0
0212120 0
0212121 0
0212122 0
0212200 0
0212201 0
0212202 0
0212210 0
0212211 0
0212212 0
0212220 0
0212221 0
0212222 0
0220000 1
0220001 0
0220002 0
0220010 0
0220011 0
0220012 0
0220020 0
0220021 0
0220022 0
0220100 2
0220101 1
0220102 1
0220110 0
0220111 0
0220112 1
0220120 0
0220121 0
0220122 0
0220200 0
0220201 0
0220202 0
0220210 0
0220211 0
0220212 0
0220220 0
0220221 0
0220222 0
0221000 1
0221001 0
0221002 0
0221010 0
0221011 0
0221012 0
0221020 0
0221021 0
0221022 0
0221100 1
0221101 0
0221102 1
0221110 0
0221111 0
0221112 0
0221120 0
0221121 0
0221122 0
0221200 0
0221201 0
0221202 0
0221210 0
0221211 0
0221212 0
0221220 0
0221221 0
0221222 0
0222000 0
0222001 0
0222002 0
0222010 0
0222011 0
0222012 0
0222020 0
0222021 0
0222022 0
0222100 2
0222101 0
0222102 1
0222110 0
0222111 0
0222112 0
0222120 0
0222121 0
0222122 0
0222200 0
0222201 0
0222202 0
0222210 0
0222211 0
0222212 0
0222220 0
0222221 0
0222222 1
1000000 11 PEDALAGE
1000001 8 PULSASSE
1000002 19 PULSAMES
1000010 8 PHALANGE
1000011 4 PLANEUSE
1000012 14 PUGNACES
1000020 0
1000021 0
1000022 1
1000100 10 PLOMBAGE
1000101 7 POMPEUSE
1000102 21 POMMADEE
1000110 2
1000111 2
1000112 5 PLONGEAS
1000120 4 POMPONNA
1000121 0
1000122 0
1000200 0
1000201 2
1000202 1
1000210 0
1000211 0
1000212 0
1000220 0
1000221 0
1000222 3 PLANCONS
1001000 14 PEDALIEZ
1001001 16 PLIEUSES
1001002 35 PILEUSES
1001010 11 PLACAGES
1001011 5 PINCASSE
1001012 17 PALMACEE
1001020 6 PHALLINE
1001021 1
1001022 1
1001100 4 POUILLAI
1001101 3 PIQUOUSA
1001102 12 PILEUSES
1001110 5 PLONGEAI
1001111 0
1001112 6 POIGNAIS
1001120 2
1001121 0
1001122 1
1001200 0
1001201 0
1001202 0
1001210 0
1001211 0
1001212 0
1001220 0
1001221 0
1001222 5 PLAINDRA
1002000 3 PLAGIIEZ
1002001 0
1002002 4 PLAGIEES
1002010 7 PUCCINIA
1002011 4 PLANISME
1002012 2
1002020 0
1002021 0
1002022 1
1002100 1
1002101 0
1002102 0
1002110 1
1002111 1
1002112 2
1002120 0
1002121 0
1002122 0
1002200 0
1002201 0
1002202 0
1002210 0
1002211 0
1002212 0
1002220 0
1002221 0
1002222 4 PANGOLIN
1010000 7 PELUCHAT
1010001 1
1010002 9 PULSATES
1010010 10 PLACENTA
1010011 2
1010012 14 PENSATES
1010020 14 PIAULENT
1010021 1
1010022 0
1010100 9 PLOMBATE
1010101 7 POTASSEZ
1010102 15 PALMACEE
1010110 5 PLONGEAT
1010111 0
1010112 5 PONCTUAS
1010120 7 POLLUANT
1010121 1
1010122 0
1010200 3 PETAVOLT
1010201 1
1010202 1
1010210 0
1010211 0
1010212 0
1010220 0
1010221 0
1010222 2
1011000 25 PIAULAIT
1011001 5 PLISSAIT
1011002 18 PLIEUSES
1011010 20 PLACETTE
1011011 0
1011012 13 PELANAGE
1011020 14 PEUPLADE
1011021 4 PLAISENT
1011022 0
1011100 19 PELUCHAT
1011101 7 PISSOTAI
1011102 6 PULVERIN
1011110 18 PLANTENT
1011111 0
1011112 6 PITONNAS
1011120 13 POTLATCH
1011121 1
1011122 0
1011200 0
1011201 0
1011202 0
1011210 0
1011211 0
1011212 0
1011220 0
1011221 0
1011222 0
1012000 2
1012001 2
1012002 1
1012010 1
1012011 3 PLANISTE
1012012 0
1012020 13 PLUMETTE
1012021 1
1012022 0
1012100 0
1012101 0
1012102 0
1012110 1
1012111 0
1012112 0
1012120 1
1012121 1
1012122 0
1012200 0
1012201 0
1012202 0
1012210 0
1012211 0
1012212 0
1012220 0
1012221 0
1012222 0
1020000 2
1020001 5 PUTTASSE
1020002 6 PUTTATES
1020010 1
1020011 0
1020012 2
1020020 0
1020021 0
1020022 0
1020100 0
1020101 6 POSTFACE
1020102 5 POLYGAME
1020110 1
1020111 1
1020112 3 PROMETTE
1020120 0
1020121 1
1020122 0
1020200 0
1020201 1
1020202 0
1020210 0
1020211 0
1020212 0
1020220 0
1020221 0
1020222 0
1021000 0
1021001 6 PISTACHE
1021002 7 PROMESSE
1021010 0
1021011 1
1021012 3 PANDEMES
1021020 0
1021021 0
1021022 0
1021100 0
1021101 2
1021102 1
1021110 0
1021111 0
1021112 0
1021120 0
1021121 1
1021122 0
1021200 0
1021201 0
1021202 0
1021210 0
1021211 0
1021212 0
1021220 0
1021221 0
1021222 0
1022000 1
1022001 1
1022002 0
1022010 6 PORCELET
1022011 0
1022012 3 PIETINAS
1022020 0
1022021 0
1022022 0
1022100 0
1022101 3 POETISAT
1022102 1
1022110 2
1022111 0
1022112 0
1022120 0
1022121 0
1022122 0
1022200 0
1022201 0
1022202 0
1022210 0
1022211 0
1022212 0
1022220 0
1022221 0
1022222 0
1100000 38 PROCUREE
1100001 12 PERLEREZ
1100002 30 PLACERAS
1100010 8 PLANCHER
1100011 0
1100012 8 PHANERES
1100020 0
1100021 0
1100022 0
1100100 27 POURPREE
1100101 6 POUSSERA
1100102 22 PREPUCES
1100110 11 PROROGEZ
1100111 1
1100112 9 POMPAGES
1100120 0
1100121 0
1100122 1
1100200 1
1100201 0
1100202 0
1100210 0
1100211 0
1100212 0
1100220 0
1100221 0
1100222 1
1101000 42 PLEURERA
1101001 14 PUISAMES
1101002 39 PILEUSES
1101010 17 PIGNADAS
1101011 1
1101012 9 PEINERAS
1101020 0
1101021 0
1101022 0
1101100 27 PROCUREE
1101101 9 PULSASSE
1101102 11 POURRIEL
1101110 11 PIONCERA
1101111 0
1101112 3 PONDRAIS
1101120 1
1101121 0
1101122 0
1101200 1
1101201 0
1101202 2
1101210 0
1101211 0
1101212 0
1101220 0
1101221 0
1101222 1
1102000 8 PALLEAUX
1102001 2
1102002 6 PULSERAS
1102010 4 PROMENER
1102011 1
1102012 3 PRASINES
1102020 0
1102021 0
1102022 0
1102100 5 PROXIMAL
1102101 0
1102102 4 PROFILAS
1102110 0
1102111 0
1102112 0
1102120 1
1102121 0
1102122 0
1102200 0
1102201 0
1102202 0
1102210 0
1102211 0
1102212 0
1102220 0
1102221 0
1102222 0
1110000 19 PLACARDE
1110001 3 PRESURAT
1110002 5 PREDATES
1110010 8 PRENATAL
1110011 1
1110012 2
1110020 3 PREGNANT
1110021 2
1110022 0
1110100 11 PERCOIRS
1110101 4 POTASSER
1110102 5 PROJETAS
1110110 4 PONDERAT
1110111 1
1110112 2
1110120 4 POURTANT
1110121 0
1110122 0
1110200 0
1110201 0
1110202 0
1110210 0
1110211 0
1110212 0
1110220 0
1110221 0
1110222 0
1111000 24 PLEURAGE
1111001 5 PRESTAIT
1111002 10 PRESENCE
1111010 6 PINERAIT
1111011 1
1111012 1
1111020 1
1111021 0
1111022 0
1111100 19 POULETTE
1111101 1
1111102 4 POTERAIS
1111110 4 PIANOTER
1111111 0
1111112 0
1111120 2
1111121 0
1111122 0
1111200 1
1111201 0
1111202 0
1111210 1
1111211 0
1111212 0
1111220 1
1111221 0
1111222 0
1112000 4 PETRIFIA
1112001 2
1112002 1
1112010 1
1112011 0
1112012 0
1112020 1
1112021 0
1112022 0
1112100 4 PROFITAT
1112101 0
1112102 1
1112110 0
1112111 0
1112112 0
1112120 0
1112121 0
1112122 0
1112200 0
1112201 0
1112202 0
1112210 0
1112211 0
1112212 0
1112220 0
1112221 0
1112222 0
1120000 6 PLATEURE
1120001 1
1120002 6 PRETATES
1120010 1
1120011 0
1120012 1
1120020 2
1120021 0
1120022 0
1120100 3 POUTRAGE
1120101 4 POUTSERA
1120102 2
1120110 0
1120111 0
1120112 1
1120120 0
1120121 0
1120122 0
1120200 0
1120201 0
1120202 0
1120210 0
1120211 0
1120212 0
1120220 0
1120221 0
1120222 1
1121000 8 PILERIEZ
1121001 3 PISTERAI
1121002 5 PUCELLES
1121010 1
1121011 0
1121012 1
1121020 0
1121021 0
1121022 0
1121100 1
1121101 1
1121102 0
1121110 1
1121111 0
1121112 0
1121120 1
1121121 0
1121122 0
1121200 0
1121201 0
1121202 0
1121210 0
1121211 0
1121212 0
1121220 0
1121221 0
1121222 0
1122000 3 PLATIERE
1122001 0
1122002 1
1122010 1
1122011 0
1122012 0
1122020 0
1122021 0
1122022 0
1122100 0
1122101 0
1122102 0
1122110 0
1122111 0
1122112 0
1122120 0
1122121 0
1122122 0
1122200 0
1122201 0
1122202 0
1122210 0
1122211 0
1122212 0
1122220 0
1122221 0
1122222 0
1200000 6 PERCHERA
1200001 6 PLATRAGE
1200002 11 PULSAMES
1200010 1
1200011 0
1200012 1
1200020 2
1200021 0
1200022 0
1200100 6 PEROXYDA
1200101 1
1200102 3 PORRACES
1200110 0
1200111 1
1200112 0
1200120 1
1200121 0
1200122 0
1200200 1
1200201 0
1200202 0
1200210 0
1200211 0
1200212 0
1200220 0
1200221 0
1200222 1
1201000 9 PERCERAI
1201001 4 PERSPIRA
1201002 7 PERIRAIS
1201010 1
1201011 0
1201012 1
1201020 1
1201021 0
1201022 0
1201100 2
1201101 0
1201102 1
1201110 0
1201111 0
1201112 0
1201120 0
1201121 0
1201122 0
1201200 0
1201201 0
1201202 0
1201210 0
1201211 0
1201212 0
1201220 0
1201221 0
1201222 0
1202000 1
1202001 2
1202002 0
1202010 0
1202011 0
1202012 0
1202020 0
1202021 0
1202022 0
1202100 0
1202101 0
1202102 0
1202110 0
1202111 0
1202112 0
1202120 0
1202121 0
1202122 0
1202200 0
1202201 0
1202202 0
1202210 0
1202211 0
1202212 0
1202220 0
1202221 0
1202222 0
1210000 6 PERCUTAT
1210001 1
1210002 4 PERCATES
1210010 2
1210011 0
1210012 2
1210020 2
1210021 2
1210022 0
1210100 2
1210101 0
1210102 0
1210110 0
1210111 0
1210112 0
1210120 1
1210121 0
1210122 0
1210200 0
1210201 0
1210202 0
1210210 0
1210211 0
1210212 0
1210220 0
1210221 0
1210222 0
1211000 15 PERIRAIT
1211001 1
1211002 2
1211010 1
1211011 0
1211012 0
1211020 3 PIRATENT
1211021 0
1211022 0
1211100 1
1211101 0
1211102 0
1211110 0
1211111 0
1211112 0
1211120 0
1211121 0
1211122 0
1211200 0
1211201 0
1211202 0
1211210 0
1211211 0
1211212 0
1211220 0
1211221 0
1211222 1
1212000 0
1212001 1
1212002 0
1212010 0
1212011 0
1212012 0
1212020 0
1212021 0
1212022 0
1212100 0
1212101 0
1212102 0
1212110 0
1212111 0
1212112 0
1212120 0
1212121 0
1212122 0
1212200 0
1212201 0
1212202 0
1212210 0
1212211 0
1212212 0
1212220 0
1212221 0
1212222 0
1220000 1
1220001 0
1220002 0
1220010 0
1220011 0
1220012 0
1220020 0
1220021 0
1220022 0
1220100 1
1220101 1
1220102 5 PHLEGMES
1220110 3 PORTANTE
1220111 0
1220112 1
1220120 1
1220121 0
1220122 0
1220200 0
1220201 0
1220202 0
1220210 0
1220211 0
1220212 0
1220220 0
1220221 0
1220222 0
1221000 0
1221001 0
1221002 0
1221010 0
1221011 0
1221012 0
1221020 0
1221021 0
1221022 0
1221100 3 PORTERAI
1221101 0
1221102 1
1221110 0
1221111 0
1221112 0
1221120 0
1221121 0
1221122 0
1221200 0
1221201 0
1221202 0
1221210 0
1221211 0
1221212 0
1221220 0
1221221 0
1221222 0
1222000 0
1222001 0
1222002 0
1222010 0
1222011 0
1222012 0
1222020 0
1222021 0
1222022 0
1222100 0
1222101 0
1222102 0
1222110 0
1222111 0
1222112 0
1222120 0
1222121 0
1222122 0
1222200 0
1222201 0
1222202 0
1222210 0
1222211 0
1222212 0
1222220 0
1222221 0
1222222 0
2000000 9 PACQUAGE
2000001 10 PASSEUSE
2000002 24 PALMACEE
2000010 10 PARQUETE
2000011 4 PANSLAVE
2000012 12 PENSAMES
2000020 1
2000021 1
2000022 0
2000100 4 PADDOCKE
2000101 1
2000102 6 PALOMBES
2000110 3 PAONNEAU
2000111 0
2000112 1
2000120 0
2000121 0
2000122 0
2000200 0
2000201 0
2000202 0
2000210 0
2000211 0
2000212 0
2000220 0
2000221 0
2000222 5 PLATRAGE
2001000 14 PUDICITE
2001001 8 PALISSEE
2001002 14 POLICIER
2001010 11 PAGINIEZ
2001011 2
2001012 8 PAGINAIS
2001020 2
2001021 1
2001022 2
2001100 1
2001101 0
2001102 1
2001110 5 PAPILLON
2001111 0
2001112 0
2001120 0
2001121 0
2001122 0
2001200 0
2001201 0
2001202 0
2001210 0
2001211 0
2001212 0
2001220 0
2001221 0
2001222 3 PAISSONS
2002000 5 PAGAILLE
2002001 5 PAISIBLE
2002002 5 PERFUSES
2002010 1
2002011 0
2002012 1
2002020 0
2002021 0
2002022 1
2002100 0
2002101 3 PAVOISEZ
2002102 2
2002110 1
2002111 1
2002112 0
2002120 0
2002121 0
2002122 0
2002200 0
2002201 0
2002202 0
2002210 0
2002211 0
2002212 0
2002220 0
2002221 0
2002222 9 PUNISSES
2010000 13 PALETTEZ
2010001 1
2010002 20 PLUMETTE
2010010 5 PATENTEZ
2010011 1
2010012 6 PANSATES
2010020 12 PUCELAGE
2010021 0
2010022 0
2010100 6 PAPOTAGE
2010101 0
2010102 5 PAGEOTES
2010110 8 PATOUNEZ
2010111 0
2010112 4 PATOUNES
2010120 4 PAPOTENT
2010121 0
2010122 0
2010200 1
2010201 0
2010202 1
2010210 0
2010211 0
2010212 0
2010220 0
2010221 0
2010222 5 POLACRES
2011000 10 PACIFIAT
2011001 5 PATISSAT
2011002 5 PATISSAS
2011010 12 PATINAIT
2011011 0
2011012 3 PATINEES
2011020 10 PATELINE
2011021 2
2011022 2
2011100 5 PAPOTIEZ
2011101 0
2011102 2
2011110 2
2011111 1
2011112 0
2011120 0
2011121 0
2011122 0
2011200 1
2011201 0
2011202 1
2011210 0
2011211 0
2011212 0
2011220 0
2011221 0
2011222 1
2012000 4 PALLIAIT
2012001 3 PALMISTE
2012002 3 PALMITES
2012010 0
2012011 0
2012012 0
2012020 7 POLYGAME
2012021 0
2012022 0
2012100 0
2012101 4 PAVOISAT
2012102 2
2012110 0
2012111 0
2012112 0
2012120 0
2012121 0
2012122 0
2012200 0
2012201 0
2012202 0
2012210 0
2012211 0
2012212 0
2012220 0
2012221 0
2012222 0
2020000 0
2020001 4 PASTEQUE
2020002 2
2020010 3 PANTELLE
2020011 0
2020012 3 PANTENES
2020020 1
2020021 0
2020022 0
2020100 0
2020101 0
2020102 1
2020110 2
2020111 0
2020112 1
2020120 0
2020121 0
2020122 0
2020200 0
2020201 0
2020202 0
2020210 0
2020211 0
2020212 0
2020220 0
2020221 0
2020222 0
2021000 0
2021001 0
2021002 0
2021010 1
2021011 0
2021012 0
2021020 0
2021021 0
2021022 0
2021100 0
2021101 0
2021102 0
2021110 0
2021111 1
2021112 0
2021120 0
2021121 0
2021122 0
2021200 0
2021201 0
2021202 0
2021210 0
2021211 0
2021212 0
2021220 0
2021221 0
2021222 0
2022000 0
2022001 9 PALUCHAI
2022002 2
2022010 0
2022011 0
2022012 0
2022020 0
2022021 0
2022022 0
2022100 0
2022101 0
2022102 0
2022110 0
2022111 0
2022112 0
2022120 0
2022121 0
2022122 0
2022200 0
2022201 0
2022202 0
2022210 0
2022211 0
2022212 0
2022220 0
2022221 0
2022222 1
2100000 13 PLECQUER
2100001 5 PULSASSE
2100002 16 PALMURES
2100010 8 PALANGRE
2100011 1
2100012 6 PANSERAS
2100020 0
2100021 0
2100022 0
2100100 2
2100101 0
2100102 1
2100110 1
2100111 0
2100112 3 PANORPES
2100120 0
2100121 0
2100122 0
2100200 0
2100201 0
2100202 0
2100210 0
2100211 0
2100212 0
2100220 0
2100221 0
2100222 6 POLYGAME
2101000 17 PELAMYDE
2101001 5 PERFUSES
2101002 9 POLYGAME
2101010 6 PACANIER
2101011 1
2101012 2
2101020 0
2101021 0
2101022 0
2101100 1
2101101 1
2101102 0
2101110 0
2101111 0
2101112 0
2101120 0
2101121 0
2101122 0
2101200 1
2101201 0
2101202 0
2101210 0
2101211 0
2101212 0
2101220 0
2101221 0
2101222 2
2102000 5 PAPABILE
2102001 1
2102002 3 PAUMIERS
2102010 0
2102011 0
2102012 0
2102020 0
2102021 0
2102022 0
2102100 0
2102101 1
2102102 0
2102110 0
2102111 0
2102112 0
2102120 0
2102121 0
2102122 0
2102200 0
2102201 0
2102202 0
2102210 0
2102211 0
2102212 0
2102220 0
2102221 0
2102222 0
2110000 8 PATURAGE
2110001 3 PERFUSES
2110002 3 PATUREES
2110010 3 PATERNEL
2110011 0
2110012 1
2110020 7 PYGMEENS
2110021 0
2110022 0
2110100 4 PAPOTEUR
2110101 0
2110102 0
2110110 4 PATRONAT
2110111 0
2110112 0
2110120 2
2110121 0
2110122 0
2110200 0
2110201 0
2110202 0
2110210 0
2110211 0
2110212 0
2110220 5 POLYGAME
2110221 0
2110222 1
2111000 11 PLAGIIEZ
2111001 1
2111002 2
2111010 4 PATINEUR
2111011 0
2111012 0
2111020 2
2111021 0
2111022 1
2111100 0
2111101 0
2111102 0
2111110 0
2111111 0
2111112 0
2111120 0
2111121 0
2111122 0
2111200 0
2111201 0
2111202 0
2111210 0
2111211 0
2111212 0
2111220 3 PATIRONT
2111221 0
2111222 1
2112000 1
2112001 0
2112002 1
2112010 0
2112011 0
2112012 0
2112020 0
2112021 0
2112022 0
2112100 0
2112101 1
2112102 0
2112110 0
2112111 0
2112112 0
2112120 0
2112121 0
2112122 0
2112200 1
2112201 0
2112202 0
2112210 0
2112211 0
2112212 0
2112220 0
2112221 0
2112222 0
2120000 1
2120001 0
2120002 2
2120010 2
2120011 0
2120012 0
2120020 0
2120021 0
2120022 1
2120100 0
2120101 2
2120102 0
2120110 0
2120111 0
2120112 0
2120120 0
2120121 0
2120122 0
2120200 0
2120201 0
2120202 0
2120210 0
2120211 0
2120212 0
2120220 0
2120221 0
2120222 0
2121000 3 PAITRIEZ
2121001 1
2121002 1
2121010 0
2121011 0
2121012 0
2121020 0
2121021 0
2121022 0
2121100 0
2121101 0
2121102 0
2121110 1
2121111 0
2121112 0
2121120 0
2121121 0
2121122 0
2121200 0
2121201 0
2121202 0
2121210 0
2121211 0
2121212 0
2121220 1
2121221 0
2121222 1
2122000 0
2122001 1
2122002 1
2122010 1
2122011 0
2122012 0
2122020 0
2122021 0
2122022 0
2122100 0
2122101 0
2122102 0
2122110 0
2122111 0
2122112 0
2122120 0
2122121 0
2122122 0
2122200 0
2122201 0
2122202 0
2122210 0
2122211 0
2122212 0
2122220 0
2122221 0
2122222 0
2200000 20 PRELUDER
2200001 13 PLUSSIEZ
2200002 28 PULSAMES
2200010 2
2200011 2
2200012 1
2200020 1
2200021 0
2200022 1
2200100 3 PARECHOC
2200101 0
2200102 2
2200110 5 PARFONDE
2200111 0
2200112 1
2200120 2
2200121 0
2200122 0
2200200 4 PLACARDA
2200201 0
2200202 2
2200210 0
2200211 0
2200212 0
2200220 0
2200221 0
2200222 4 PERFUSES
2201000 17 PURIFIER
2201001 5 PARSERAI
2201002 12 PEDALAGE
2201010 1
2201011 1
2201012 0
2201020 3 PARRAINE
2201021 0
2201022 1
2201100 5 PERCOLER
2201101 1
2201102 3 PARODIES
2201110 0
2201111 0
2201112 0
2201120 0
2201121 0
2201122 0
2201200 0
2201201 0
2201202 0
2201210 2
2201211 0
2201212 0
2201220 0
2201221 0
2201222 0
2202000 5 PROMENER
2202001 3 PARAISSE
2202002 3 PARFIMES
2202010 0
2202011 0
2202012 1
2202020 0
2202021 0
2202022 1
2202100 0
2202101 1
2202102 0
2202110 0
2202111 1
2202112 0
2202120 0
2202121 0
2202122 0
2202200 0
2202201 0
2202202 0
2202210 0
2202211 0
2202212 0
2202220 0
2202221 0
2202222 3 PULSASSE
2210000 9 POLYURIE
2210001 2
2210002 5 PARLATES
2210010 2
2210011 0
2210012 2
2210020 10 PARADEUR
2210021 0
2210022 0
2210100 5 PARLOTEZ
2210101 0
2210102 2
2210110 0
2210111 0
2210112 0
2210120 0
2210121 0
2210122 0
2210200 0
2210201 0
2210202 0
2210210 0
2210211 0
2210212 0
2210220 1
2210221 0
2210222 0
2211000 6 PUDDLAGE
2211001 2
2211002 2
2211010 0
2211011 0
2211012 0
2211020 0
2211021 0
2211022 0
2211100 3 PAROTIDE
2211101 0
2211102 0
2211110 1
2211111 0
2211112 0
2211120 0
2211121 0
2211122 0
2211200 1
2211201 0
2211202 1
2211210 0
2211211 0
2211212 0
2211220 0
2211221 0
2211222 0
2212000 3 PARAITRE
2212001 0
2212002 1
2212010 0
2212011 0
2212012 0
2212020 2
2212021 0
2212022 0
2212100 0
2212101 0
2212102 0
2212110 0
2212111 0
2212112 0
2212120 0
2212121 0
2212122 0
2212200 0
2212201 0
2212202 0
2212210 0
2212211 0
2212212 0
2212220 0
2212221 0
2212222 0
2220000 5 PERORERA
2220001 0
2220002 1
2220010 2
2220011 0
2220012 1
2220020 0
2220021 0
2220022 0
2220100 3 PARTOUZE
2220101 2
2220102 0
2220110 0
2220111 0
2220112 0
2220120 0
2220121 0
2220122 0
2220200 0
2220201 0
2220202 0
2220210 0
2220211 0
2220212 0
2220220 0
2220221 0
2220222 0
2221000 0
2221001 0
2221002 0
2221010 0
2221011 0
2221012 0
2221020 0
2221021 0
2221022 0
2221100 0
2221101 0
2221102 0
2221110 0
2221111 0
2221112 0
2221120 0
2221121 0
2221122 0
2221200 0
2221201 0
2221202 0
2221210 0
2221211 0
2221212 0
2221220 0
2221221 0
2221222 0
2222000 5 PARTIALE
2222001 1
2222002 5 PARTITES
2222010 0
2222011 1
2222012 0
2222020 0
2222021 0
2222022 0
2222100 0
2222101 0
2222102 0
2222110 0
2222111 0
2222112 0
2222120 0
2222121 0
2222122 0
2222200 0
2222201 0
2222202 0
2222210 0
2222211 0
2222212 0
2222220 0
2222221 0
2222222 1