000000 0
000001 1
000002 21 PLUCHEZ
000010 19 PULMONE
000011 5 POSSEDE
000012 15 PHENOLS
000020 23 PULMONE
000021 2
000022 44 PEULVEN
000100 9 PILPOUL
000101 3 POUSSIN
000102 23 PUNITIF
000110 17 POELENT
000111 8 PELISSE
000112 9 PELIONS
000120 15 POLICEZ
000121 4 PLISSEZ
000122 34 POILENT
000200 2
000201 1
000202 6 PUBLICS
000210 8 POMPILE
000211 4 PEPSINE
000212 2
000220 27 PLONGEE
000221 5 PILIONS
000222 6 PONCEUX
001000 1
001001 0
001002 3 PYTHONS
001010 21 PENDULE
001011 6 PUSSENT
001012 7 POULETS
001020 5 PELOTEE
001021 0
001022 6 POTELES
001100 6 PILOTIN
001101 2
001102 4 PITIONS
001110 25 PIGNOLE
001111 7 PISSOTE
001112 7 PIGNOUF
001120 15 POECILE
001121 0
001122 13 PICPOUL
001200 1
001201 1
001202 0
001210 4 POPLITE
001211 0
001212 0
001220 1
001221 0
001222 1
002000 0
002001 0
002002 7 PUNISSE
002010 4 PEPTONE
002011 6 PENTOSE
002012 4 PESTONS
002020 0
002021 2
002022 6 PONTEES
002100 0
002101 0
002102 4 PONCEUX
002110 3 PONCEUX
002111 2
002112 1
002120 0
002121 0
002122 4 PISCINE
002200 2
002201 0
002202 2
002210 5 PIETINE
002211 1
002212 1
002220 5 PONCEUX
002221 3 PERORAT
002222 0
010000 2
010001 0
010002 6 PROBONS
010010 35 PONCEUX
010011 7 PRESURE
010012 13 PULSONS
010020 29 PLEUREZ
010021 6 PESEREZ
010022 22 PREPUCE
010100 10 POUDRIN
010101 3 POURSOI
010102 7 PENSUMS
010110 21 PINIERE
010111 3 PISSEUR
010112 9 PILEURS
010120 27 PILONNE
010121 2
010122 16 PREVENU
010200 2
010201 0
010202 3 PLIOIRS
010210 12 PENDULE
010211 4 PREDISE
010212 2
010220 19 PULMONE
010221 1
010222 2
011000 2
011001 0
011002 1
011010 18 PREVENU
011011 2
011012 7 PROMETS
011020 7 PETUNER
011021 3 PRENDRE
011022 3 PRESTES
011100 4 POTIRON
011101 0
011102 0
011110 13 PRIEURE
011111 1
011112 3 POTIERS
011120 8 POTELEE
011121 0
011122 0
011200 1
011201 0
011202 2
011210 8 PREFACE
011211 0
011212 2
011220 0
011221 0
011222 1
012000 1
012001 0
012002 1
012010 10 POELENT
012011 1
012012 4 POSTERS
012020 0
012021 1
012022 4 POUTRES
012100 0
012101 0
012102 0
012110 0
012111 1
012112 0
012120 0
012121 0
012122 1
012200 1
012201 0
012202 0
012210 1
012211 0
012212 0
012220 2
012221 1
012222 0
020000 0
020001 0
020002 1
020010 8 PERLURE
020011 2
020012 7 PLANCHA
020020 7 PEROREZ
020021 0
020022 13 PELUCHE
020100 1
020101 0
020102 2
020110 10 POUILLY
020111 2
020112 3 PERCOIS
020120 6 PRIMAGE
020121 0
020122 3 PURINES
020200 0
020201 0
020202 1
020210 2
020211 1
020212 1
020220 6 PUDDLEZ
020221 0
020222 0
021000 0
021001 0
021002 0
021010 8 PERCEPT
021011 0
021012 2
021020 0
021021 0
021022 1
021100 1
021101 0
021102 0
021110 2
021111 1
021112 0
021120 1
021121 0
021122 2
021200 0
021201 0
021202 0
021210 2
021211 0
021212 0
021220 0
021221 0
021222 0
022000 0
022001 0
022002 2
022010 3 PORTEUR
022011 0
022012 0
022020 0
022021 0
022022 1
022100 1
022101 0
022102 0
022110 0
022111 0
022112 1
022120 0
022121 0
022122 0
022200 1
022201 0
022202 0
022210 0
022211 0
022212 0
022220 2
022221 0
022222 0
100000 10 PLANQUA
100001 1
100002 17 PLANURE
100010 30 PONCAGE
100011 8 PESASSE
100012 8 PEUPLAS
100020 4 PEDALEZ
100021 0
100022 18 PENSUMS
100100 24 POLICAI
100101 3 POUSSAI
100102 35 POULAIN
100110 23 PINEALE
100111 7 PULLMAN
100112 11 PILOTIN
100120 7 PLAINEZ
100121 1
100122 15 PLANAGE
100200 7 PIANINO
100201 1
100202 2
100210 1
100211 1
100212 1
100220 4 PUGNACE
100221 1
100222 2
101000 24 PLUMONS
101001 5 PHASANT
101002 2
101010 29 PONCANT
101011 5 PESANTE
101012 7 POTASSA
101020 2
101021 0
101022 16 PELOTON
101100 51 PIONCAI
101101 10 POILAIS
101102 10 POUILLY
101110 30 PEIGNIT
101111 3 PITASSE
101112 2
101120 0
101121 0
101122 9 PULLMAN
101200 2
101201 0
101202 1
101210 0
101211 0
101212 0
101220 0
101221 0
101222 0
102000 2
102001 5 POSTULA
102002 1
102010 5 PONTAGE
102011 3 POSTALE
102012 0
102020 0
102021 0
102022 1
102100 6 PINTANT
102101 4 POSTAIT
102102 6 PISCINE
102110 3 PINTADE
102111 2
102112 2
102120 0
102121 0
102122 0
102200 1
102201 0
102202 0
102210 2
102211 1
102212 0
102220 0
102221 0
102222 0
110000 12 PROCURA
110001 1
110002 9 PRONEUR
110010 55 PRELUDE
110011 7 POELERA
110012 14 PELERAS
110020 3 PEDALER
110021 0
110022 0
110100 15 POUDRIN
110101 2
110102 14 PIMIONS
110110 36 PINEALE
110111 7 PREVENU
110112 13 PINEALE
110120 7 PLAINER
110121 0
110122 2
110200 3 PROHIBA
110201 0
110202 1
110210 7 POLAIRE
110211 3 PRECISA
110212 0
110220 2
110221 0
110222 1
111000 7 POINTAI
111001 1
111002 2
111010 11 PROCURE
111011 2
111012 5 POTERAS
111020 2
111021 0
111022 0
111100 13 PRIMANT
111101 2
111102 2
111110 9 PIETINE
111111 2
111112 1
111120 0
111121 0
111122 1
111200 1
111201 0
111202 0
111210 1
111211 0
111212 0
111220 0
111221 0
111222 0
112000 1
112001 0
112002 1
112010 5 PRETANT
112011 3 POSTERA
112012 0
112020 3 PERIMER
112021 0
112022 1
112100 1
112101 1
112102 0
112110 4 PHENATE
112111 1
112112 1
112120 0
112121 0
112122 0
112200 0
112201 0
112202 0
112210 0
112211 0
112212 0
112220 1
112221 0
112222 0
120000 1
120001 0
120002 1
120010 12 PERCOLA
120011 3 PERSONA
120012 5 PERDRAS
120020 0
120021 3 PUERIEZ
120022 2
120100 2
120101 1
120102 1
120110 6 PICORAI
120111 0
120112 5 PLUMARD
120120 0
120121 0
120122 0
120200 0
120201 0
120202 0
120210 0
120211 0
120212 1
120220 0
120221 0
120222 0
121000 0
121001 1
121002 0
121010 8 PULTACE
121011 0
121012 0
121020 0
121021 0
121022 0
121100 2
121101 0
121102 1
121110 4 PULTACE
121111 0
121112 0
121120 3 PERIMER
121121 0
121122 1
121200 0
121201 0
121202 0
121210 0
121211 0
121212 0
121220 0
121221 0
121222 0
122000 2
122001 0
122002 0
122010 3 PORTALE
122011 0
122012 0
122020 0
122021 0
122022 0
122100 2
122101 0
122102 1
122110 0
122111 0
122112 0
122120 0
122121 0
122122 0
122200 0
122201 0
122202 0
122210 0
122211 0
122212 0
122220 0
122221 0
122222 0
200000 8 PAVLOVA
200001 1
200002 14 PENSUMS
200010 12 PHENYLE
200011 12 PAYSANS
200012 2
200020 9 PACAGEZ
200021 0
200022 29 PENDULE
200100 11 PAGINAI
200101 3 PADISHA
200102 18 PAUMANT
200110 8 PHOENIX
200111 2
200112 1
200120 4 PAILLEE
200121 1
200122 4 PALIMES
200200 2
200201 3 PAVOISA
200202 2
200210 1
200211 2
200212 1
200220 7 PLUMULE
200221 4 PUGNACE
200222 3 PRALINA
201000 14 PULMONE
201001 4 PONCEUX
201002 6 PHENOLS
201010 25 POLENTA
201011 5 PONCEUX
201012 3 PAGEOTS
201020 5 PALOTEZ
201021 0
201022 9 PYTHONS
201100 13 PLANTAT
201101 5 PASCAUX
201102 1
201110 3 PAGEAIT
201111 2
201112 0
201120 3 PATINEZ
201121 0
201122 4 POTAMOT
201200 2
201201 1
201202 1
201210 2
201211 1
201212 0
201220 0
201221 0
201222 0
202000 2
202001 0
202002 1
202010 5 PACTOLE
202011 0
202012 1
202020 0
202021 0
202022 2
202100 1
202101 0
202102 2
202110 0
202111 0
202112 0
202120 0
202121 0
202122 0
202200 0
202201 1
202202 1
202210 0
202211 1
202212 0
202220 1
202221 0
202222 1
210000 2
210001 0
210002 2
210010 13 PALMERA
210011 7 PASCAUX
210012 9 PLUVIAN
210020 12 PYGMEEN
210021 0
210022 4 PAGURES
210100 1
210101 0
210102 2
210110 10 PYGMEEN
210111 0
210112 4 PLANAGE
210120 4 PAIEREZ
210121 0
210122 1
210200 1
210201 0
210202 0
210210 0
210211 0
210212 0
210220 3 PALMIER
210221 0
210222 1
211000 2
211001 0
211002 4 PATURAS
211010 1
211011 0
211012 0
211020 8 POURPRE
211021 0
211022 2
211100 3 PATURIN
211101 0
211102 1
211110 0
211111 0
211112 0
211120 2
211121 0
211122 0
211200 0
211201 0
211202 0
211210 1
211211 0
211212 0
211220 0
211221 0
211222 1
212000 0
212001 0
212002 0
212010 2
212011 1
212012 0
212020 0
212021 0
212022 0
212100 1
212101 0
212102 1
212110 0
212111 0
212112 0
212120 1
212121 0
212122 0
212200 0
212201 0
212202 0
212210 0
212211 0
212212 0
212220 1
212221 0
212222 0
220000 6 PARKOUR
220001 1
220002 9 PLAFOND
220010 12 PERLURE
220011 10 PRESUME
220012 4 PAREURS
220020 11 PERDURE
220021 0
220022 11 PLUMEES
220100 6 PARADAI
220101 0
220102 9 POILAIS
220110 8 PUDIQUE
220111 1
220112 0
220120 0
220121 0
220122 2
220200 2
220201 0
220202 2
220210 1
220211 0
220212 1
220220 3 PARIIEZ
220221 1
220222 1
221000 6 PARADAT
221001 1
221002 0
221010 4 PARLENT
221011 1
221012 1
221020 2
221021 0
221022 2
221100 5 PANIFIA
221101 1
221102 0
221110 1
221111 0
221112 0
221120 0
221121 0
221122 1
221200 1
221201 0
221202 0
221210 0
221211 0
221212 0
221220 0
221221 0
221222 0
222000 2
222001 0
222002 1
222010 2
222011 0
222012 0
222020 0
222021 0
222022 1
222100 1
222101 0
222102 1
222110 0
222111 0
222112 0
222120 0
222121 0
222122 0
222200 3 PARTITA
222201 0
222202 0
222210 1
222211 0
222212 0
222220 2
222221 0
222222 1