00000 3 ROGNON
00001 0
00002 12 RUSONS
00010 7 RONFLA
00011 1
00012 11 ROMPUS
00020 7 RIDOIR
00021 1
00022 7 ROMAND
00100 13 RAMONA
00101 0
00102 23 REMOUD
00110 40 RAGLAN
00111 7 RISQUA
00112 13 RAINAS
00120 8 RONDEL
00121 3 RAISIN
00122 5 RECOUD
00200 6 RONDEL
00201 0
00202 6 RHUMBS
00210 5 RONDEL
00211 0
00212 0
00220 3 RIFAIN
00221 0
00222 17 RADOUB
01000 1
01001 0
01002 1
01010 1
01011 1
01012 1
01020 4 RUINER
01021 0
01022 1
01100 20 ROUGHS
01101 1
01102 5 RABOTS
01110 11 RUFIAN
01111 0
01112 1
01120 2
01121 1
01122 0
01200 10 RONDEL
01201 3 ROUGIT
01202 1
01210 4 ROMPUS
01211 0
01212 0
01220 13 RADOME
01221 3 ROUGIT
01222 0
02000 1
02001 0
02002 3 RUTONS
02010 0
02011 0
02012 1
02020 0
02021 0
02022 0
02100 2
02101 0
02102 1
02110 5 ROUGIT
02111 0
02112 1
02120 0
02121 0
02122 0
02200 5 ROUGIT
02201 0
02202 0
02210 0
02211 0
02212 1
02220 3 ROUGIT
02221 0
02222 3 ROUAIS
10000 36 ROULER
10001 5 RESTER
10002 26 RUCHEE
10010 37 ROULER
10011 6 RUSIEZ
10012 17 ROSEUR
10020 8 ROMPUS
10021 0
10022 0
10100 61 REMUER
10101 6 RASEUR
10102 21 RUCHEE
10110 32 RENDRE
10111 3 RACISE
10112 5 REDIMA
10120 4 RONDEL
10121 1
10122 0
10200 17 RACOLA
10201 4 RASAGE
10202 0
10210 6 REVEND
10211 0
10212 0
10220 0
10221 0
10222 0
11000 11 ROUTER
11001 5 ROSTRE
11002 3 ROUETS
11010 7 ROMPRE
11011 1
11012 1
11020 0
11021 0
11022 0
11100 14 RAGEAT
11101 2
11102 1
11110 3 RIVETA
11111 0
11112 0
11120 0
11121 0
11122 0
11200 0
11201 0
11202 0
11210 0
11211 0
11212 0
11220 0
11221 0
11222 0
12000 5 ROTURE
12001 0
12002 0
12010 4 RITUEL
12011 0
12012 1
12020 0
12021 0
12022 0
12100 8 RATELA
12101 0
12102 3 RATELS
12110 4 RUINER
12111 0
12112 0
12120 0
12121 0
12122 0
12200 2
12201 0
12202 0
12210 1
12211 0
12212 0
12220 0
12221 0
12222 0
20000 68 RODEUR
20001 9 REFUSE
20002 36 RECULE
20010 27 REGLER
20011 10 RESIDE
20012 10 RONDEL
20020 11 ROUVRE
20021 0
20022 17 RECOUD
20100 34 RECOLE
20101 11 RECUSE
20102 9 REGLER
20110 15 RELIRA
20111 4 ROMAND
20112 2
20120 5 RUINER
20121 0
20122 1
20200 26 RELEVA
20201 4 RESALE
20202 6 RELAPS
20210 0
20211 1
20212 0
20220 3 REPAIE
20221 0
20222 5 RONFLA
21000 32 REPERE
21001 4 RELIRE
21002 9 RUSONS
21010 4 RECITE
21011 0
21012 3 RAPACE
21020 14 RECOUD
21021 0
21022 0
21100 15 RUPINA
21101 3 RESSAT
21102 3 RENTAS
21110 4 RENTAI
21111 1
21112 0
21120 1
21121 0
21122 0
21200 7 REPLET
21201 0
21202 1
21210 1
21211 0
21212 0
21220 4 RAPANT
21221 0
21222 0
22000 6 RETOND
22001 0
22002 2
22010 5 RIVANT
22011 0
22012 2
22020 0
22021 0
22022 0
22100 1
22101 0
22102 0
22110 1
22111 0
22112 1
22120 0
22121 0
22122 0
22200 7 ROMPRA
22201 0
22202 0
22210 0
22211 0
22212 0
22220 0
22221 0
22222 1