000000 1
000001 1
000002 8 RHUMONS
000010 10 ROYAUME
000011 3 RACCUSA
000012 14 RECLOUA
000020 1
000021 0
000022 9 RONFLAS
000100 0
000101 0
000102 1
000110 6 RACCARD
000111 3 ROSSARD
000112 0
000120 1
000121 0
000122 0
000200 0
000201 0
000202 0
000210 2
000211 0
000212 0
000220 0
000221 0
000222 1
001000 7 RHODIUM
001001 1
001002 12 RIBLONS
001010 9 RIBOULA
001011 2
001012 34 RABLONS
001020 15 RIPOLIN
001021 1
001022 7 ROULIEZ
001100 2
001101 1
001102 3 RIDOIRS
001110 12 ROULANT
001111 2
001112 3 RAIRONS
001120 0
001121 0
001122 0
001200 1
001201 0
001202 1
001210 2
001211 0
001212 1
001220 1
001221 0
001222 0
002000 0
002001 0
002002 11 RIGODON
002010 5 RACIAUX
002011 0
002012 13 REPONDU
002020 11 RAPINAI
002021 1
002022 9 REPENDU
002100 0
002101 0
002102 1
002110 1
002111 0
002112 0
002120 0
002121 0
002122 0
002200 0
002201 0
002202 0
002210 0
002211 0
002212 0
002220 3 RUGIRAI
002221 1
002222 4 ROUIRAS
010000 0
010001 0
010002 2
010010 24 ROUGAIL
010011 4 RAJUSTA
010012 7 ROUABLE
010020 12 RONDELS
010021 0
010022 3 RADOUBA
010100 0
010101 0
010102 0
010110 3 RANCART
010111 0
010112 0
010120 0
010121 0
010122 0
010200 0
010201 0
010202 0
010210 0
010211 0
010212 1
010220 0
010221 1
010222 0
011000 1
011001 3 RISOTTO
011002 1
011010 31 RIPOLIN
011011 3 RASSOIT
011012 1
011020 8 RIGOLAT
011021 1
011022 0
011100 0
011101 1
011102 0
011110 3 RAIRONT
011111 0
011112 0
011120 0
011121 0
011122 0
011200 1
011201 0
011202 0
011210 1
011211 0
011212 0
011220 0
011221 0
011222 0
012000 0
012001 0
012002 0
012010 4 RAVILIT
012011 0
012012 3 RAFIOTS
012020 8 REPENDU
012021 1
012022 0
012100 0
012101 0
012102 0
012110 0
012111 0
012112 0
012120 0
012121 0
012122 0
012200 0
012201 0
012202 0
012210 0
012211 0
012212 0
012220 0
012221 0
012222 0
020000 0
020001 0
020002 1
020010 1
020011 0
020012 1
020020 1
020021 0
020022 1
020100 0
020101 0
020102 0
020110 0
020111 0
020112 0
020120 0
020121 0
020122 0
020200 0
020201 0
020202 0
020210 0
020211 0
020212 1
020220 1
020221 0
020222 1
021000 0
021001 0
021002 0
021010 2
021011 0
021012 0
021020 1
021021 0
021022 0
021100 1
021101 0
021102 0
021110 0
021111 0
021112 0
021120 0
021121 0
021122 0
021200 0
021201 0
021202 0
021210 0
021211 0
021212 0
021220 1
021221 0
021222 0
022000 0
022001 0
022002 2
022010 1
022011 1
022012 2
022020 4 RATINAT
022021 0
022022 2
022100 0
022101 0
022102 0
022110 0
022111 0
022112 0
022120 0
022121 0
022122 0
022200 0
022201 0
022202 0
022210 0
022211 0
022212 0
022220 1
022221 0
022222 1
100000 13 ROCQUEZ
100001 4 RUDESSE
100002 17 ROULENT
100010 47 RAMEALE
100011 24 RASSOUL
100012 49 REMOULE
100020 3 RONDEAU
100021 1
100022 3 RONGEAS
100100 13 REGLENT
100101 0
100102 8 RUCHERS
100110 33 RONGEUR
100111 2
100112 9 REMUGLE
100120 0
100121 0
100122 1
100200 5 REPENDU
100201 2
100202 1
100210 7 REPLOYE
100211 1
100212 4 RAPPUYA
100220 1
100221 0
100222 12 RUDOYAI
101000 22 RONFLEZ
101001 12 RIMEUSE
101002 19 RUBEOLE
101010 33 RENFILE
101011 9 ROMANDE
101012 18 RAMENDE
101020 4 RANGEAI
101021 0
101022 0
101100 13 RONCEUX
101101 1
101102 3 RIMEURS
101110 15 RAILLEE
101111 1
101112 2
101120 1
101121 0
101122 0
101200 6 REDUVES
101201 0
101202 1
101210 3 RALERIE
101211 0
101212 0
101220 14 RAPSODE
101221 3 ROTULEE
101222 5 RAPSODE
102000 7 RUPINEZ
102001 4 RUGISSE
102002 9 RUPINAI
102010 23 RENVIDE
102011 5 RACISEE
102012 12 REVENDE
102020 0
102021 0
102022 0
102100 4 RAPPIEZ
102101 1
102102 2
102110 9 REPENDE
102111 1
102112 3 REVIMES
102120 0
102121 0
102122 0
102200 2
102201 1
102202 0
102210 1
102211 0
102212 0
102220 0
102221 0
102222 0
110000 13 ROUGETS
110001 4 ROSETTE
110002 6 RHUMEES
110010 32 RUBEOLE
110011 3 RASETTE
110012 16 RUDOYEE
110020 4 RANGEAT
110021 0
110022 1
110100 7 ROUTEUR
110101 0
110102 0
110110 6 RODAGES
110111 1
110112 2
110120 1
110121 0
110122 0
110200 0
110201 0
110202 3 RUSTRES
110210 1
110211 0
110212 0
110220 0
110221 0
110222 0
111000 15 REVOLUE
111001 6 RISETTE
111002 3 RIBOTES
111010 7 RAINETE
111011 0
111012 5 REPENDE
111020 3 RAMETAI
111021 0
111022 1
111100 2
111101 0
111102 0
111110 1
111111 0
111112 0
111120 0
111121 0
111122 0
111200 0
111201 0
111202 0
111210 0
111211 0
111212 0
111220 0
111221 0
111222 0
112000 1
112001 2
112002 3 RUGITES
112010 5 RUILAIT
112011 1
112012 1
112020 0
112021 0
112022 0
112100 0
112101 0
112102 0
112110 0
112111 0
112112 0
112120 0
112121 0
112122 0
112200 0
112201 0
112202 0
112210 0
112211 0
112212 0
112220 0
112221 0
112222 0
120000 5 ROTONDE
120001 0
120002 2
120010 7 ROTACEE
120011 3 ROTULEE
120012 9 ROMANCA
120020 1
120021 0
120022 1
120100 1
120101 0
120102 0
120110 1
120111 0
120112 0
120120 0
120121 0
120122 0
120200 2
120201 0
120202 1
120210 4 RATEREZ
120211 0
120212 1
120220 0
120221 0
120222 3 ROTULEE
121000 0
121001 0
121002 1
121010 0
121011 0
121012 1
121020 1
121021 0
121022 0
121100 0
121101 0
121102 0
121110 0
121111 0
121112 0
121120 0
121121 0
121122 0
121200 0
121201 0
121202 0
121210 0
121211 0
121212 0
121220 3 RAIFORT
121221 0
121222 0
122000 1
122001 1
122002 3 ROTITES
122010 4 RACOLEE
122011 1
122012 2
122020 0
122021 0
122022 0
122100 1
122101 0
122102 0
122110 2
122111 0
122112 1
122120 0
122121 0
122122 0
122200 1
122201 0
122202 0
122210 0
122211 0
122212 0
122220 0
122221 0
122222 0
200000 84 RECULEE
200001 34 RESUCEE
200002 60 RECULEE
200010 75 RELANCE
200011 27 REPUSSE
200012 22 REGALEC
200020 0
200021 0
200022 35 RECLOUE
200100 36 RECULEE
200101 7 RESUCEE
200102 10 RESUCEE
200110 26 RAVALEE
200111 2
200112 1
200120 1
200121 0
200122 3 REGREAS
200200 28 REDEVEZ
200201 3 RESERVE
200202 10 ROMPUES
200210 18 RECODEE
200211 3 REVERSA
200212 4 RAPAGES
200220 0
200221 0
200222 8 REPENDU
201000 35 RENFILE
201001 11 ROUGAIL
201002 18 ROULIER
201010 16 REMOULE
201011 6 REALISE
201012 11 REMANGE
201020 29 REVALUE
201021 9 RESUCEE
201022 3 REPENDE
201100 22 RECULEE
201101 4 REFRISE
201102 2
201110 13 RECLAPA
201111 4 RESPIRA
201112 1
201120 4 RECREAI
201121 0
201122 1
201200 4 REVERDI
201201 2
201202 1
201210 4 REPENSA
201211 0
201212 0
201220 7 REPENDE
201221 0
201222 0
202000 20 REMUGLE
202001 17 REMISEZ
202002 29 RESEMES
202010 8 REPUGNA
202011 3 RESILIA
202012 2
202020 6 REFIXAI
202021 4 RAMENDA
202022 8 REMISAS
202100 9 REMUGLE
202101 4 RENVIDA
202102 0
202110 3 RELIERA
202111 0
202112 0
202120 0
202121 0
202122 0
202200 5 RIGOLER
202201 0
202202 1
202210 0
202211 0
202212 0
202220 4 REGELAI
202221 0
202222 4 ROULADE
210000 46 ROUFLEE
210001 7 RAPSODE
210002 25 RENFLEE
210010 27 RECLAME
210011 4 RESSAUT
210012 7 ROUGAIL
210020 34 REVOLUE
210021 9 RESUCEE
210022 8 ROUABLE
210100 13 ROUFLEE
210101 2
210102 1
210110 6 RELANCA
210111 1
210112 1
210120 3 REGREAT
210121 0
210122 0
210200 5 REPERER
210201 0
210202 2
210210 3 REPORTA
210211 0
210212 0
210220 7 REPENDE
210221 0
210222 1
211000 17 REPENDU
211001 2
211002 3 REDUITS
211010 14 RELATAT
211011 2
211012 4 RENTAIS
211020 11 REPLEUT
211021 0
211022 0
211100 8 RECREER
211101 0
211102 1
211110 4 REITERA
211111 0
211112 0
211120 1
211121 0
211122 0
211200 1
211201 1
211202 1
211210 1
211211 0
211212 0
211220 1
211221 0
211222 0
212000 5 REVOLEE
212001 3 RESISTE
212002 6 RECUMES
212010 5 RELIANT
212011 2
212012 0
212020 7 RAMOLLI
212021 4 RAMENDA
212022 1
212100 1
212101 0
212102 0
212110 0
212111 0
212112 0
212120 0
212121 0
212122 0
212200 0
212201 0
212202 0
212210 0
212211 0
212212 0
212220 1
212221 0
212222 0
220000 12 RODEUSE
220001 1
220002 4 RETUBES
220010 10 REPUTEE
220011 1
220012 3 REPETAI
220020 4 RIMATES
220021 0
220022 4 RETAMAT
220100 1
220101 0
220102 1
220110 5 REPRIMA
220111 0
220112 0
220120 0
220121 0
220122 0
220200 3 RETORDU
220201 2
220202 1
220210 3 RETERCA
220211 1
220212 1
220220 0
220221 0
220222 0
221000 2
221001 0
221002 1
221010 1
221011 1
221012 0
221020 4 REPUMES
221021 0
221022 0
221100 2
221101 0
221102 0
221110 2
221111 0
221112 1
221120 0
221121 0
221122 0
221200 0
221201 0
221202 0
221210 0
221211 0
221212 0
221220 0
221221 0
221222 0
222000 3 RETIQUE
222001 1
222002 3 RETIVES
222010 0
222011 1
222012 0
222020 1
222021 0
222022 0
222100 0
222101 0
222102 0
222110 0
222111 0
222112 0
222120 0
222121 0
222122 0
222200 3 REVERER
222201 0
222202 1
222210 0
222211 0
222212 0
222220 2
222221 0
222222 1