000000 1
000001 0
000002 8 SONDONS
000010 31 SOMNOLE
000011 7 STENOSE
000012 18 SCALENE
000020 13 SCEPTRE
000021 0
000022 29 SECHENT
000100 2
000101 0
000102 17 SCHNOCK
000110 26 SINGLET
000111 6 SITCOMS
000112 10 SIEMENS
000120 17 SOMNOLE
000121 3 SIESTEZ
000122 39 SILENCE
000200 2
000201 0
000202 1
000210 16 SYNTONE
000211 6 STYLISE
000212 2
000220 22 SOIGNEE
000221 0
000222 11 STOPPEE
001000 1
001001 1
001002 2
001010 15 SCROTUM
001011 1
001012 7 SOUMETS
001020 14 SCOOTER
001021 0
001022 7 SYNCHRO
001100 4 SIROCCO
001101 0
001102 6 STRIONS
001110 15 SELECTE
001111 0
001112 8 SENIORS
001120 21 SILENCE
001121 2
001122 11 STRIEES
001200 0
001201 0
001202 0
001210 4 SERVILE
001211 0
001212 2
001220 11 STROMBE
001221 0
001222 3 SORTIES
002000 0
002001 0
002002 1
002010 8 SEVRENT
002011 0
002012 7 SEVRONS
002020 4 SERRAGE
002021 0
002022 6 SURDENT
002100 2
002101 0
002102 1
002110 2
002111 0
002112 0
002120 0
002121 0
002122 3 SPIREES
002200 0
002201 0
002202 0
002210 4 STERILE
002211 0
002212 1
002220 6 SEVRIEN
002221 0
002222 1
010000 2
010001 0
010002 6 SOUPANT
010010 16 SOCIETE
010011 8 SURCOTE
010012 4 SEXUELS
010020 6 SUPPLEE
010021 1
010022 10 SUCCEDE
010100 3 SLOUGHI
010101 0
010102 7 SUIVONS
010110 19 SINGLET
010111 4 SCIEUSE
010112 1
010120 6 SUIFFEE
010121 0
010122 12 SUIFENT
010200 2
010201 0
010202 4 SUBVINS
010210 8 SOLDAIT
010211 6 SUSDITE
010212 2
010220 4 SULFITA
010221 1
010222 2
011000 6 SURTOUT
011001 1
011002 5 SPENCER
011010 45 SERVENT
011011 6 SURARMA
011012 7 SEJOURS
011020 11 SUCEREZ
011021 0
011022 6 STRUMES
011100 2
011101 3 SURSOIT
011102 6 SOMBRER
011110 9 STENOPE
011111 2
011112 2
011120 9 SURINEZ
011121 0
011122 5 SIMIENS
011200 1
011201 0
011202 6 SURFINS
011210 7 SERRANT
011211 1
011212 0
011220 4 SEMBLEZ
011221 0
011222 3 SILLAGE
012000 1
012001 0
012002 1
012010 8 SUPREME
012011 0
012012 1
012020 1
012021 0
012022 1
012100 0
012101 0
012102 0
012110 1
012111 0
012112 0
012120 0
012121 0
012122 0
012200 0
012201 0
012202 1
012210 0
012211 0
012212 0
012220 3 SUCRIEZ
012221 0
012222 0
020000 1
020001 0
020002 5 SCALPAT
020010 13 SEPTALE
020011 1
020012 2
020020 7 SHUNTEZ
020021 0
020022 8 SYLHETI
020100 0
020101 1
020102 0
020110 4 SALOPEE
020111 0
020112 0
020120 0
020121 0
020122 0
020200 2
020201 0
020202 4 SOUVINS
020210 1
020211 1
020212 0
020220 6 SCALPEZ
020221 0
020222 2
021000 0
021001 0
021002 0
021010 5 SOUDURE
021011 0
021012 1
021020 6 STRIURE
021021 0
021022 2
021100 1
021101 0
021102 0
021110 1
021111 0
021112 0
021120 0
021121 0
021122 0
021200 0
021201 0
021202 1
021210 2
021211 0
021212 0
021220 5 SCALPAT
021221 0
021222 0
022000 0
022001 0
022002 0
022010 1
022011 0
022012 0
022020 3 SURARME
022021 0
022022 2
022100 2
022101 0
022102 0
022110 0
022111 0
022112 0
022120 0
022121 0
022122 0
022200 0
022201 0
022202 0
022210 1
022211 0
022212 0
022220 1
022221 0
022222 1
100000 29 SOMNOLA
100001 1
100002 24 SCALPAT
100010 33 STYLANT
100011 3 SEBASTE
100012 12 SEGMENT
100020 17 SECANTE
100021 2
100022 28 SCALPAT
100100 46 SLICANT
100101 3 SINISAT
100102 24 SIGNAIT
100110 24 SEPTALE
100111 5 STOCKAI
100112 7 SOLVANT
100120 0
100121 0
100122 6 SMOKING
100200 8 SPOLIAT
100201 3 SURARMA
100202 6 SIFFLEZ
100210 9 STATINE
100211 1
100212 2
100220 3 STATIEZ
100221 0
100222 0
101000 9 SCROTAL
101001 0
101002 4 STATORS
101010 20 SENTENT
101011 2
101012 8 SEPTALE
101020 15 SECANTE
101021 1
101022 3 STRATES
101100 14 STRIAIT
101101 0
101102 4 SIROTAS
101110 25 SINISAT
101111 0
101112 7 SKIERAI
101120 0
101121 0
101122 0
101200 1
101201 0
101202 0
101210 7 SURCOTA
101211 0
101212 1
101220 1
101221 0
101222 0
102000 3 SOPRANO
102001 0
102002 1
102010 14 SEVRANT
102011 0
102012 3 SENTAIS
102020 1
102021 0
102022 1
102100 7 SPIRANT
102101 0
102102 2
102110 6 SERIAIS
102111 0
102112 5 SERRAGE
102120 0
102121 0
102122 0
102200 0
102201 1
102202 0
102210 0
102211 1
102212 0
102220 0
102221 0
102222 1
110000 7 SCAPULA
110001 2
110002 7 STATUTS
110010 9 SPATULE
110011 1
110012 1
110020 3 STATUEZ
110021 0
110022 6 STAGNAI
110100 23 SUIFANT
110101 3 SINUSAL
110102 7 SNIFAIS
110110 3 SECOUAI
110111 0
110112 0
110120 0
110121 0
110122 0
110200 5 SULFITA
110201 1
110202 0
110210 1
110211 0
110212 1
110220 0
110221 0
110222 0
111000 22 SOLDANT
111001 3 SURSAUT
111002 4 SCRUTAS
111010 20 SULTANE
111011 2
111012 1
111020 1
111021 0
111022 2
111100 10 SURINAT
111101 0
111102 5 SURIRAS
111110 5 SURJETS
111111 0
111112 0
111120 0
111121 0
111122 1
111200 7 SURGIRA
111201 0
111202 1
111210 1
111211 0
111212 0
111220 0
111221 0
111222 0
112000 3 STARTUP
112001 0
112002 0
112010 4 SUCRATE
112011 1
112012 0
112020 0
112021 0
112022 0
112100 2
112101 0
112102 1
112110 1
112111 0
112112 1
112120 0
112121 0
112122 0
112200 0
112201 0
112202 0
112210 0
112211 0
112212 0
112220 0
112221 0
112222 0
120000 12 SOLDANT
120001 0
120002 6 STUQUAS
120010 10 SOLDANT
120011 1
120012 0
120020 0
120021 0
120022 3 SQUAMES
120100 9 SOLDANT
120101 0
120102 3 STUPIDE
120110 0
120111 0
120112 0
120120 0
120121 0
120122 0
120200 2
120201 0
120202 1
120210 0
120211 0
120212 0
120220 0
120221 0
120222 0
121000 3 SOUDARD
121001 0
121002 2
121010 3 SERPULE
121011 0
121012 0
121020 0
121021 0
121022 1
121100 1
121101 0
121102 0
121110 0
121111 0
121112 0
121120 0
121121 0
121122 0
121200 2
121201 0
121202 0
121210 0
121211 0
121212 0
121220 0
121221 0
121222 0
122000 2
122001 0
122002 1
122010 1
122011 0
122012 0
122020 0
122021 0
122022 0
122100 1
122101 0
122102 0
122110 0
122111 0
122112 0
122120 0
122121 0
122122 0
122200 1
122201 0
122202 0
122210 0
122211 0
122212 0
122220 0
122221 0
122222 0
200000 16 SOLVANT
200001 1
200002 18 SOLVANT
200010 17 SALANTE
200011 5 SALASSE
200012 4 SENTANT
200020 10 SABOTEZ
200021 0
200022 22 SCALPAT
200100 16 SATINAT
200101 1
200102 13 SOLVANT
200110 7 SPLITTE
200111 2
200112 4 SAPIENS
200120 6 SAILLEZ
200121 0
200122 12 SPRINTA
200200 1
200201 1
200202 0
200210 1
200211 1
200212 0
200220 2
200221 1
200222 2
201000 5 SARCLAT
201001 1
201002 6 SAVARTS
201010 11 SOMNOLE
201011 1
201012 2
201020 12 STENOPE
201021 0
201022 5 SURATES
201100 8 SAVARIN
201101 0
201102 3 SARTAIS
201110 4 SALARIE
201111 1
201112 0
201120 4 SATINER
201121 0
201122 1
201200 2
201201 1
201202 3 SAVOIRS
201210 2
201211 0
201212 0
201220 2
201221 0
201222 0
202000 3 SABRANT
202001 0
202002 3 SABRONS
202010 8 SABRENT
202011 0
202012 1
202020 0
202021 0
202022 2
202100 2
202101 0
202102 3 SABRAIS
202110 0
202111 0
202112 0
202120 0
202121 0
202122 0
202200 0
202201 0
202202 0
202210 0
202211 0
202212 0
202220 2
202221 0
202222 0
210000 6 SAOULAT
210001 0
210002 6 SACQUAS
210010 6 SABOULE
210011 2
210012 0
210020 4 SACQUEE
210021 0
210022 4 SAQUEES
210100 7 SALOPAT
210101 0
210102 2
210110 3 SADIQUE
210111 0
210112 0
210120 0
210121 0
210122 0
210200 0
210201 0
210202 0
210210 0
210211 0
210212 0
210220 2
210221 0
210222 0
211000 3 SAVOURA
211001 0
211002 1
211010 7 SALUERA
211011 1
211012 3 SALOPAI
211020 6 SCHORRE
211021 0
211022 2
211100 2
211101 0
211102 0
211110 1
211111 0
211112 0
211120 0
211121 0
211122 0
211200 0
211201 0
211202 0
211210 0
211211 0
211212 0
211220 0
211221 0
211222 0
212000 1
212001 0
212002 2
212010 1
212011 0
212012 0
212020 0
212021 0
212022 0
212100 0
212101 0
212102 0
212110 0
212111 0
212112 0
212120 0
212121 0
212122 0
212200 0
212201 0
212202 0
212210 0
212211 0
212212 0
212220 0
212221 0
212222 0
220000 4 SENTANT
220001 0
220002 5 SAMNITE
220010 9 SCINDAT
220011 0
220012 0
220020 0
220021 0
220022 4 SELECTA
220100 4 SECTION
220101 0
220102 4 SAUCANT
220110 1
220111 0
220112 0
220120 0
220121 0
220122 0
220200 0
220201 0
220202 0
220210 0
220211 0
220212 0
220220 4 SOLVANT
220221 0
220222 0
221000 1
221001 0
221002 0
221010 7 SAUVANT
221011 0
221012 0
221020 0
221021 0
221022 0
221100 1
221101 0
221102 0
221110 0
221111 0
221112 0
221120 0
221121 0
221122 0
221200 0
221201 0
221202 0
221210 0
221211 0
221212 0
221220 2
221221 0
221222 0
222000 2
222001 0
222002 1
222010 3 SAURERA
222011 0
222012 0
222020 0
222021 0
222022 1
222100 1
222101 0
222102 1
222110 0
222111 0
222112 0
222120 0
222121 0
222122 0
222200 1
222201 0
222202 1
222210 0
222211 0
222212 0
222220 2
222221 0
222222 1