00000 12 STOLON
00001 61 SENTES
00002 29 SENTES
00010 18 SCIONS
00011 42 SEINES
00012 37 SILENE
00020 1
00021 5 SCOOPS
00022 10 STOPPA
00100 2
00101 29 SORTES
00102 7 SEMENT
00110 8 SCRIPT
00111 21 SENILE
00112 11 STRIEE
00120 4 SETTER
00121 9 SERTES
00122 3 SEMAIT
00200 2
00201 20 SORTES
00202 6 STREET
00210 1
00211 5 SOUPAS
00212 3 SONGEA
00220 0
00221 1
00222 1
01000 11 SUCONS
01001 14 SECHES
01002 10 SECTES
01010 7 SETONS
01011 12 SUINTS
01012 11 SUITES
01020 8 SNIFAS
01021 3 STOCKS
01022 1
01100 5 SLICAS
01101 18 SURETS
01102 6 SUETTE
01110 3 SONGEA
01111 7 SUINTE
01112 4 SURLIA
01120 14 STAFFS
01121 0
01122 3 STALAG
01200 0
01201 4 SERRES
01202 1
01210 0
01211 0
01212 0
01220 1
01221 0
01222 0
02000 6 STYLAS
02001 10 SMOLTS
02002 8 SVELTE
02010 0
02011 1
02012 0
02020 6 SCUTUM
02021 0
02022 2
02100 0
02101 3 SCALDE
02102 2
02110 0
02111 0
02112 0
02120 1
02121 0
02122 0
02200 2
02201 0
02202 2
02210 0
02211 0
02212 0
02220 2
02221 0
02222 1
10000 55 SLAMAT
10001 33 SMALTS
10002 25 SCATOL
10010 40 SMOLTS
10011 7 SELECT
10012 2
10020 12 STOCKS
10021 5 SEMAIT
10022 0
10100 10 SHOOTS
10101 12 SKATAS
10102 3 SEMAIT
10110 6 SASSAT
10111 8 SINISA
10112 0
10120 0
10121 3 SETARS
10122 0
10200 7 STOCKS
10201 9 STRIAS
10202 1
10210 5 STENOS
10211 4 SARTER
10212 0
10220 0
10221 0
10222 1
11000 12 STAGNA
11001 7 SEMAIT
11002 4 STAFFA
11010 12 SINISA
11011 0
11012 0
11020 2
11021 1
11022 0
11100 6 SUTRAS
11101 2
11102 2
11110 5 SURIRA
11111 0
11112 1
11120 1
11121 0
11122 0
11200 3 STOCKS
11201 1
11202 0
11210 1
11211 1
11212 0
11220 0
11221 0
11222 0
12000 15 STYLAS
12001 0
12002 3 SMILAX
12010 3 SOLDES
12011 0
12012 0
12020 1
12021 0
12022 0
12100 2
12101 0
12102 1
12110 0
12111 0
12112 0
12120 0
12121 0
12122 0
12200 1
12201 0
12202 0
12210 0
12211 0
12212 0
12220 0
12221 0
12222 0
20000 35 SALONS
20001 23 SELVES
20002 18 SMOLTS
20010 17 STILBS
20011 10 SUPINS
20012 10 SPRINT
20020 10 SPLASH
20021 0
20022 2
20100 9 SOLDAS
20101 8 SMOLTS
20102 5 SMILEY
20110 5 SALIRA
20111 0
20112 1
20120 4 SPOLIA
20121 0
20122 0
20200 6 STOCKS
20201 8 STOCKS
20202 2
20210 2
20211 0
20212 0
20220 0
20221 0
20222 0
21000 13 SOLDAS
21001 4 SALINS
21002 4 SITULE
21010 2
21011 0
21012 0
21020 0
21021 0
21022 0
21100 1
21101 5 SALPES
21102 2
21110 0
21111 0
21112 0
21120 0
21121 0
21122 0
21200 2
21201 0
21202 0
21210 0
21211 0
21212 0
21220 0
21221 0
21222 0
22000 9 SAVANT
22001 11 SCALPS
22002 4 SLICAT
22010 4 SECANT
22011 0
22012 0
22020 0
22021 0
22022 0
22100 0
22101 4 SAVENT
22102 0
22110 0
22111 0
22112 0
22120 0
22121 0
22122 0
22200 2
22201 3 SASSER
22202 1
22210 1
22211 0
22212 0
22220 4 SATINS
22221 0
22222 1