00000 6 TONTON
00001 0
00002 13 TOPANT
00010 27 TENUTO
00011 8 TINSSE
00012 10 TETONS
00020 18 TETUEZ
00021 3 TESTEZ
00022 34 TUTELE
00100 7 TONDIT
00101 3 TOCSIN
00102 9 TINTIN
00110 14 TENUTO
00111 5 TISSUE
00112 4 TENDIS
00120 12 TUILEZ
00121 4 TISSEE
00122 13 TUILAT
00200 3 TIMING
00201 0
00202 0
00210 7 TOPHET
00211 1
00212 1
00220 9 TOUPET
00221 1
00222 3 TUTIES
01000 3 TOURON
01001 1
01002 6 TRONCS
01010 32 TOUENT
01011 4 THYRSE
01012 5 TONERS
01020 18 TOURON
01021 2
01022 5 TENUES
01100 7 TRICOT
01101 1
01102 5 TOUCAN
01110 18 TUILEE
01111 5 TOMATE
01112 0
01120 14 TILTER
01121 2
01122 6 TINTEE
01200 0
01201 0
01202 0
01210 2
01211 0
01212 0
01220 4 TOREER
01221 0
01222 1
02000 2
02001 0
02002 5 TRIBUT
02010 10 TONDUE
02011 0
02012 0
02020 12 TERREZ
02021 3 TREIZE
02022 11 TENSON
02100 4 TORDIT
02101 0
02102 3 TORDIS
02110 10 TENTER
02111 0
02112 3 TERRIS
02120 0
02121 0
02122 1
02200 1
02201 0
02202 3 TORILS
02210 0
02211 0
02212 0
02220 1
02221 0
02222 1
10000 17 TUTONS
10001 6 TUSSAH
10002 14 TOUANT
10010 26 TENUTO
10011 4 TESTAT
10012 7 TESTAS
10020 0
10021 0
10022 3 TIGRAT
10100 26 TUILAT
10101 9 TISANT
10102 17 TUILAT
10110 8 TENTAI
10111 3 TESTAI
10112 2
10120 0
10121 0
10122 0
10200 2
10201 1
10202 1
10210 0
10211 0
10212 1
10220 0
10221 0
10222 1
11000 26 TOUANT
11001 1
11002 10 TRAUMA
11010 19 TOPENT
11011 2
11012 4 TREPAS
11020 12 TERCER
11021 1
11022 3 TOMBAC
11100 22 TUILAT
11101 2
11102 9 TRACAT
11110 6 TIEDIE
11111 1
11112 0
11120 0
11121 0
11122 1
11200 4 TUANTE
11201 0
11202 3 TIGLON
11210 3 TUANTE
11211 0
11212 0
11220 0
11221 0
11222 1
12000 3 TORDRA
12001 0
12002 2
12010 6 TERRAT
12011 1
12012 4 TERCER
12020 0
12021 0
12022 0
12100 2
12101 0
12102 1
12110 6 TORDRE
12111 1
12112 0
12120 0
12121 0
12122 0
12200 0
12201 0
12202 0
12210 0
12211 0
12212 0
12220 0
12221 0
12222 0
20000 26 TACLAT
20001 3 TASANT
20002 28 TOUCAN
20010 18 TOTALE
20011 1
20012 2
20020 22 TOUCHE
20021 2
20022 19 TUTELA
20100 23 TUILAT
20101 2
20102 9 TISAIT
20110 2
20111 0
20112 0
20120 0
20121 1
20122 1
20200 4 TAPINA
20201 2
20202 6 TONFAS
20210 6 TIGLON
20211 2
20212 0
20220 4 TOLITE
20221 1
20222 3 TYPAIT
21000 3 TABLAR
21001 0
21002 3 TABORS
21010 8 TALAIT
21011 1
21012 1
21020 12 TOUCAN
21021 1
21022 1
21100 2
21101 0
21102 1
21110 0
21111 0
21112 0
21120 1
21121 0
21122 0
21200 1
21201 0
21202 1
21210 0
21211 0
21212 0
21220 1
21221 0
21222 0
22000 11 TOMANT
22001 1
22002 3 TAROTS
22010 7 TUTERA
22011 0
22012 1
22020 2
22021 0
22022 5 TESTES
22100 6 TARAIT
22101 0
22102 2
22110 0
22111 0
22112 0
22120 0
22121 0
22122 0
22200 2
22201 0
22202 2
22210 1
22211 0
22212 0
22220 1
22221 0
22222 1