000000 1
000001 0
000002 10 TOUNDRA
000010 7 TOLUENE
000011 4 TENEUSE
000012 10 TALONNA
000020 5 TELEXEZ
000021 1
000022 16 TEUFEUR
000100 0
000101 0
000102 2
000110 11 TENDEUR
000111 3 TUSSENT
000112 7 TOUSSES
000120 5 TUTELEZ
000121 0
000122 6 TESTEES
000200 0
000201 0
000202 0
000210 2
000211 1
000212 0
000220 2
000221 2
000222 3 TWEETES
001000 2
001001 0
001002 10 TOLUOLS
001010 8 TUMEFIE
001011 4 TENSION
001012 2
001020 14 TUILONS
001021 4 TOISIEZ
001022 15 TOLUENE
001100 0
001101 0
001102 2
001110 12 TUILENT
001111 2
001112 1
001120 5 TILTIEZ
001121 2
001122 6 TUBIONS
001200 0
001201 0
001202 0
001210 2
001211 0
001212 0
001220 2
001221 1
001222 2
002000 0
002001 0
002002 9 TOUPINE
002010 8 TOUPINE
002011 1
002012 1
002020 3 TCHIPEZ
002021 2
002022 6 TCHIPAI
002100 0
002101 0
002102 1
002110 2
002111 4 THULIUM
002112 1
002120 0
002121 0
002122 1
002200 0
002201 0
002202 0
002210 0
002211 0
002212 0
002220 0
002221 0
002222 1
010000 2
010001 0
010002 7 TRULLOS
010010 18 TABOULE
010011 5 TUSSORE
010012 11 TUERONS
010020 45 TROUPLE
010021 4 TELEXER
010022 26 TREMULE
010100 0
010101 0
010102 0
010110 10 TUILONS
010111 2
010112 2
010120 9 TUTEREZ
010121 0
010122 1
010200 0
010201 0
010202 0
010210 0
010211 0
010212 0
010220 4 TWEETER
010221 4 TESETER
010222 3 TOURTES
011000 11 TRIPOLI
011001 0
011002 7 TOURNIS
011010 24 TREMULE
011011 4 TISSURE
011012 3 TRICEPS
011020 36 TUILIER
011021 4 TISEREZ
011022 17 TREMULE
011100 1
011101 0
011102 5 TRIPOTS
011110 12 TRONCON
011111 1
011112 0
011120 6 TOLUENE
011121 0
011122 2
011200 1
011201 0
011202 0
011210 0
011211 0
011212 0
011220 1
011221 1
011222 1
012000 0
012001 0
012002 1
012010 4 TREILLE
012011 2
012012 3 TOUSSES
012020 1
012021 1
012022 0
012100 0
012101 0
012102 0
012110 1
012111 0
012112 0
012120 0
012121 0
012122 0
012200 0
012201 0
012202 0
012210 0
012211 0
012212 0
012220 1
012221 0
012222 1
020000 1
020001 0
020002 2
020010 7 TORPEUR
020011 2
020012 7 TOSCANS
020020 4 TORDREZ
020021 0
020022 8 TORDEUR
020100 0
020101 0
020102 1
020110 8 TOURNEE
020111 1
020112 1
020120 0
020121 0
020122 2
020200 0
020201 0
020202 0
020210 0
020211 0
020212 0
020220 0
020221 0
020222 0
021000 2
021001 1
021002 3 TURBINS
021010 14 TORPEUR
021011 1
021012 2
021020 7 TIREREZ
021021 1
021022 1
021100 1
021101 0
021102 1
021110 2
021111 0
021112 0
021120 0
021121 0
021122 0
021200 0
021201 0
021202 0
021210 1
021211 0
021212 0
021220 0
021221 0
021222 1
022000 0
022001 0
022002 2
022010 1
022011 0
022012 0
022020 0
022021 0
022022 0
022100 0
022101 0
022102 0
022110 0
022111 0
022112 0
022120 0
022121 0
022122 0
022200 0
022201 0
022202 0
022210 0
022211 0
022212 0
022220 0
022221 0
022222 0
100000 5 TOMBOLA
100001 0
100002 8 TOSCANS
100010 12 TONNEAU
100011 6 TOMBAUX
100012 2
100020 1
100021 0
100022 18 TINAMOU
100100 8 TONNEAU
100101 2
100102 1
100110 12 TENTANT
100111 5 TESTAGE
100112 3 TUTELAS
100120 0
100121 0
100122 3 TUTAMES
100200 1
100201 1
100202 1
100210 2
100211 1
100212 2
100220 0
100221 2
100222 9 TUTAMES
101000 5 TILAPIA
101001 5 THLASPI
101002 15 TISIONS
101010 12 TUILAGE
101011 4 TEASING
101012 3 TECKAIS
101020 0
101021 2
101022 3 TISANES
101100 20 TUILAIT
101101 6 TISANAT
101102 4 TILTAIS
101110 7 TENTAIT
101111 1
101112 3 TESTAIS
101120 0
101121 0
101122 1
101200 0
101201 3 TOASTAI
101202 1
101210 4 TEINTAT
101211 1
101212 1
101220 0
101221 0
101222 1
102000 4 TOUILLA
102001 1
102002 2
102010 1
102011 0
102012 0
102020 0
102021 0
102022 0
102100 2
102101 1
102102 0
102110 1
102111 0
102112 0
102120 0
102121 0
102122 0
102200 0
102201 0
102202 0
102210 0
102211 0
102212 0
102220 0
102221 0
102222 0
110000 13 TRONQUA
110001 3 TROUSSA
110002 19 TOQUANT
110010 32 TREMULE
110011 3 TEASEUR
110012 17 TROUPLE
110020 8 TRAVURE
110021 0
110022 8 TOMBEAU
110100 19 TOQUANT
110101 1
110102 1
110110 14 TRETEAU
110111 2
110112 4 TUTERAS
110120 1
110121 0
110122 0
110200 2
110201 1
110202 4 TRACTUS
110210 1
110211 0
110212 0
110220 3 TERCERA
110221 1
110222 1
111000 31 TRIPOLI
111001 2
111002 18 TUILAIS
111010 33 TRIPOLI
111011 7 TRIASSE
111012 4 TISERAS
111020 3 THYMIES
111021 1
111022 4 TRADING
111100 23 TUILAIT
111101 3 TRANSIT
111102 1
111110 8 TUERENT
111111 0
111112 0
111120 0
111121 0
111122 0
111200 3 TROTTAI
111201 1
111202 0
111210 0
111211 0
111212 0
111220 0
111221 0
111222 1
112000 2
112001 0
112002 3 TRAIRAS
112010 1
112011 0
112012 0
112020 4 TRAIREZ
112021 0
112022 1
112100 1
112101 0
112102 0
112110 1
112111 0
112112 0
112120 0
112121 0
112122 0
112200 2
112201 0
112202 1
112210 1
112211 0
112212 0
112220 3 TORRIDE
112221 0
112222 1
120000 2
120001 1
120002 3 TORDRAS
120010 9 TOURNEE
120011 2
120012 2
120020 0
120021 0
120022 1
120100 5 TOQUAIT
120101 0
120102 0
120110 3 TERCANT
120111 1
120112 0
120120 0
120121 0
120122 0
120200 0
120201 0
120202 0
120210 0
120211 0
120212 0
120220 0
120221 0
120222 0
121000 3 TORDRAI
121001 0
121002 1
121010 5 TERRIRA
121011 1
121012 5 TERCERA
121020 0
121021 0
121022 3 TORDAGE
121100 1
121101 0
121102 1
121110 4 TERCAIT
121111 1
121112 0
121120 0
121121 0
121122 0
121200 0
121201 0
121202 0
121210 0
121211 0
121212 0
121220 0
121221 0
121222 1
122000 0
122001 0
122002 0
122010 0
122011 0
122012 0
122020 0
122021 0
122022 0
122100 0
122101 1
122102 0
122110 0
122111 0
122112 0
122120 0
122121 0
122122 0
122200 0
122201 0
122202 0
122210 0
122211 0
122212 0
122220 0
122221 0
122222 0
200000 6 TALOCHA
200001 2
200002 20 TALMUDS
200010 15 TABOULE
200011 8 TAXABLE
200012 3 TANDEMS
200020 10 TUTELEZ
200021 0
200022 22 TOLUENE
200100 15 TINCALS
200101 1
200102 4 TANTOTS
200110 18 TUNNELS
200111 2
200112 2
200120 2
200121 0
200122 3 TATANES
200200 1
200201 0
200202 1
200210 2
200211 0
200212 1
200220 2
200221 0
200222 7 TALPACK
201000 7 TABULAI
201001 2
201002 21 TOUCANS
201010 6 TUBARDE
201011 2
201012 1
201020 12 TOLUENE
201021 2
201022 1
201100 13 TALPACK
201101 3 TAISANT
201102 1
201110 2
201111 1
201112 0
201120 0
201121 0
201122 0
201200 2
201201 0
201202 0
201210 0
201211 0
201212 0
201220 0
201221 0
201222 0
202000 5 TAXIMAN
202001 3 TANISAI
202002 8 TELSONS
202010 1
202011 2
202012 0
202020 3 TAPINEZ
202021 4 TAMISEZ
202022 8 TIMINGS
202100 1
202101 2
202102 1
202110 0
202111 2
202112 0
202120 0
202121 0
202122 0
202200 0
202201 0
202202 1
202210 0
202211 0
202212 0
202220 0
202221 0
202222 2
210000 4 TANGARA
210001 0
210002 2
210010 16 TOLUENE
210011 1
210012 7 TALPACK
210020 8 TRIPLEE
210021 1
210022 1
210100 0
210101 0
210102 1
210110 0
210111 0
210112 2
210120 2
210121 0
210122 1
210200 0
210201 0
210202 0
210210 0
210211 0
210212 0
210220 1
210221 0
210222 0
211000 3 TAMARIX
211001 0
211002 4 TAIRONS
211010 6 TROUPLE
211011 1
211012 0
211020 5 TABLIER
211021 0
211022 0
211100 2
211101 0
211102 0
211110 1
211111 0
211112 0
211120 0
211121 0
211122 0
211200 0
211201 0
211202 0
211210 0
211211 0
211212 0
211220 0
211221 0
211222 0
212000 1
212001 0
212002 1
212010 1
212011 0
212012 1
212020 2
212021 2
212022 0
212100 0
212101 0
212102 0
212110 0
212111 0
212112 0
212120 0
212121 0
212122 0
212200 0
212201 0
212202 0
212210 1
212211 0
212212 0
212220 0
212221 0
212222 0
220000 1
220001 1
220002 9 TAUPANT
220010 2
220011 2
220012 1
220020 4 TAREREZ
220021 0
220022 4 TUMORAL
220100 2
220101 0
220102 1
220110 5 TARTARE
220111 0
220112 0
220120 0
220121 0
220122 1
220200 0
220201 0
220202 0
220210 0
220211 0
220212 0
220220 1
220221 0
220222 2
221000 1
221001 0
221002 4 TARDANT
221010 3 TARGUIE
221011 0
221012 0
221020 1
221021 2
221022 0
221100 3 TARTIRA
221101 0
221102 0
221110 1
221111 0
221112 0
221120 0
221121 0
221122 0
221200 0
221201 0
221202 0
221210 0
221211 0
221212 0
221220 0
221221 0
221222 0
222000 3 TARIRAI
222001 0
222002 3 TARIRAS
222010 2
222011 1
222012 0
222020 4 TARIREZ
222021 0
222022 2
222100 1
222101 0
222102 0
222110 0
222111 0
222112 0
222120 0
222121 0
222122 0
222200 0
222201 0
222202 0
222210 0
222211 0
222212 0
222220 0
222221 0
222222 1