0000000 1
0000001 0
0000002 1
0000010 4 TOMBELLE
0000011 6 THYLLOSE
0000012 1
0000020 0
0000021 0
0000022 9 TELEGUES
0000100 0
0000101 0
0000102 2
0000110 4 TENDELLE
0000111 2
0000112 1
0000120 0
0000121 0
0000122 2
0000200 0
0000201 0
0000202 0
0000210 0
0000211 0
0000212 0
0000220 2
0000221 0
0000222 3 THUYONES
0001000 0
0001001 0
0001002 0
0001010 3 TELEFILM
0001011 5 TRUSTONS
0001012 2
0001020 8 TOUILLEZ
0001021 2
0001022 11 TROUPLES
0001100 1
0001101 1
0001102 3 TYPISONS
0001110 4 TEIGNEUX
0001111 2
0001112 2
0001120 4 TEIGNIEZ
0001121 2
0001122 3 TUNIQUES
0001200 0
0001201 0
0001202 0
0001210 0
0001211 0
0001212 0
0001220 0
0001221 2
0001222 1
0002000 1
0002001 0
0002002 1
0002010 3 THYMIQUE
0002011 2
0002012 0
0002020 0
0002021 0
0002022 2
0002100 0
0002101 0
0002102 12 TUNISOIS
0002110 2
0002111 2
0002112 3 TENSIONS
0002120 0
0002121 0
0002122 2
0002200 0
0002201 0
0002202 1
0002210 0
0002211 0
0002212 0
0002220 1
0002221 0
0002222 4 THONINES
0010000 0
0010001 0
0010002 0
0010010 3 TOMMETTE
0010011 1
0010012 0
0010020 1
0010021 0
0010022 10 TELOMERE
0010100 0
0010101 0
0010102 1
0010110 6 TEGUMENT
0010111 2
0010112 3 TESETONS
0010120 1
0010121 0
0010122 0
0010200 0
0010201 0
0010202 0
0010210 0
0010211 0
0010212 0
0010220 0
0010221 0
0010222 0
0011000 0
0011001 0
0011002 0
0011010 8 TROCHLEE
0011011 0
0011012 1
0011020 7 TUTELIEZ
0011021 2
0011022 7 TREMULEE
0011100 0
0011101 0
0011102 2
0011110 7 TEINTENT
0011111 3 TINSSENT
0011112 2
0011120 1
0011121 0
0011122 2
0011200 0
0011201 0
0011202 0
0011210 0
0011211 0
0011212 0
0011220 0
0011221 0
0011222 0
0012000 0
0012001 0
0012002 0
0012010 0
0012011 2
0012012 0
0012020 0
0012021 0
0012022 1
0012100 0
0012101 0
0012102 0
0012110 1
0012111 0
0012112 1
0012120 0
0012121 0
0012122 3 TENUITES
0012200 0
0012201 0
0012202 0
0012210 0
0012211 0
0012212 0
0012220 0
0012221 0
0012222 0
0020000 0
0020001 0
0020002 0
0020010 1
0020011 1
0020012 1
0020020 0
0020021 0
0020022 0
0020100 0
0020101 0
0020102 0
0020110 0
0020111 0
0020112 0
0020120 0
0020121 0
0020122 0
0020200 0
0020201 0
0020202 0
0020210 1
0020211 0
0020212 0
0020220 0
0020221 0
0020222 0
0021000 0
0021001 0
0021002 0
0021010 0
0021011 0
0021012 0
0021020 0
0021021 0
0021022 0
0021100 1
0021101 0
0021102 0
0021110 0
0021111 0
0021112 0
0021120 0
0021121 0
0021122 0
0021200 0
0021201 0
0021202 0
0021210 0
0021211 0
0021212 0
0021220 0
0021221 0
0021222 0
0022000 0
0022001 0
0022002 0
0022010 1
0022011 0
0022012 0
0022020 0
0022021 0
0022022 1
0022100 0
0022101 0
0022102 2
0022110 0
0022111 1
0022112 2
0022120 0
0022121 0
0022122 0
0022200 0
0022201 0
0022202 0
0022210 0
0022211 0
0022212 0
0022220 2
0022221 0
0022222 1
0100000 0
0100001 0
0100002 1
0100010 20 TOHUBOHU
0100011 2
0100012 7 TREMOLOS
0100020 20 TORTUREE
0100021 4 TOSSEREZ
0100022 23 TROUPLES
0100100 1
0100101 0
0100102 11 TOURNONS
0100110 7 TONNERRE
0100111 0
0100112 13 TAPEUSES
0100120 8 TROCHURE
0100121 3 TERRIFIE
0100122 5 TONSURES
0100200 0
0100201 0
0100202 0
0100210 1
0100211 0
0100212 1
0100220 1
0100221 0
0100222 0
0101000 1
0101001 0
0101002 6 TRIPOLIS
0101010 20 TRIPOLIS
0101011 7 THEORISE
0101012 5 TERSERAI
0101020 36 TROUPIER
0101021 5 TOISEREZ
0101022 23 TREMPEUR
0101100 5 TRUBLION
0101101 1
0101102 8 TROUILLE
0101110 10 TRICORNE
0101111 3 TENORISE
0101112 4 TIERCONS
0101120 13 TOILEREZ
0101121 0
0101122 3 TORTURAT
0101200 0
0101201 0
0101202 0
0101210 0
0101211 0
0101212 0
0101220 0
0101221 1
0101222 3 TRICONES
0102000 0
0102001 0
0102002 2
0102010 11 TUILIERE
0102011 2
0102012 6 TOILIERS
0102020 12 TROLEREZ
0102021 0
0102022 6 TRIPLURE
0102100 0
0102101 0
0102102 5 TREMULAI
0102110 1
0102111 0
0102112 3 THERIENS
0102120 0
0102121 0
0102122 0
0102200 0
0102201 0
0102202 1
0102210 0
0102211 0
0102212 0
0102220 1
0102221 0
0102222 1
0110000 1
0110001 0
0110002 0
0110010 3 TUTOYEUR
0110011 1
0110012 3 TROQUETS
0110020 5 TEMPETER
0110021 0
0110022 5 TRUSTEES
0110100 1
0110101 0
0110102 2
0110110 30 TOURMENT
0110111 2
0110112 2
0110120 1
0110121 0
0110122 0
0110200 0
0110201 0
0110202 0
0110210 0
0110211 0
0110212 0
0110220 0
0110221 0
0110222 0
0111000 1
0111001 0
0111002 0
0111010 6 THERMITE
0111011 1
0111012 3 TRIPLETS
0111020 12 TEMPLIER
0111021 2
0111022 4 TRICOTES
0111100 2
0111101 0
0111102 0
0111110 11 TRUELLEE
0111111 3 TISERONT
0111112 0
0111120 1
0111121 0
0111122 0
0111200 0
0111201 0
0111202 0
0111210 1
0111211 0
0111212 1
0111220 0
0111221 0
0111222 0
0112000 0
0112001 0
0112002 0
0112010 1
0112011 1
0112012 0
0112020 0
0112021 3 TERRIFIE
0112022 3 TITRISES
0112100 0
0112101 0
0112102 1
0112110 0
0112111 0
0112112 0
0112120 0
0112121 0
0112122 1
0112200 0
0112201 0
0112202 0
0112210 0
0112211 0
0112212 0
0112220 0
0112221 0
0112222 0
0120000 0
0120001 0
0120002 0
0120010 1
0120011 0
0120012 1
0120020 3 TERRIFIE
0120021 1
0120022 2
0120100 0
0120101 0
0120102 1
0120110 1
0120111 0
0120112 0
0120120 1
0120121 0
0120122 2
0120200 0
0120201 0
0120202 0
0120210 0
0120211 0
0120212 0
0120220 0
0120221 0
0120222 0
0121000 1
0121001 0
0121002 0
0121010 1
0121011 0
0121012 0
0121020 5 TILTEREZ
0121021 0
0121022 2
0121100 0
0121101 0
0121102 1
0121110 1
0121111 0
0121112 0
0121120 1
0121121 0
0121122 0
0121200 0
0121201 0
0121202 0
0121210 0
0121211 0
0121212 0
0121220 0
0121221 0
0121222 0
0122000 0
0122001 0
0122002 1
0122010 0
0122011 0
0122012 0
0122020 0
0122021 0
0122022 1
0122100 0
0122101 0
0122102 0
0122110 0
0122111 0
0122112 0
0122120 0
0122121 0
0122122 0
0122200 0
0122201 0
0122202 0
0122210 0
0122211 0
0122212 0
0122220 1
0122221 0
0122222 0
0200000 0
0200001 0
0200002 1
0200010 1
0200011 2
0200012 5 TORPEDOS
0200020 3 TERCEREZ
0200021 1
0200022 2
0200100 0
0200101 0
0200102 2
0200110 2
0200111 0
0200112 0
0200120 1
0200121 0
0200122 0
0200200 0
0200201 0
0200202 0
0200210 0
0200211 0
0200212 0
0200220 3 TERRIFIE
0200221 0
0200222 2
0201000 0
0201001 0
0201002 1
0201010 2
0201011 0
0201012 1
0201020 4 TORDRIEZ
0201021 0
0201022 2
0201100 0
0201101 0
0201102 2
0201110 1
0201111 1
0201112 1
0201120 2
0201121 0
0201122 0
0201200 0
0201201 0
0201202 0
0201210 0
0201211 0
0201212 0
0201220 0
0201221 0
0201222 0
0202000 0
0202001 0
0202002 0
0202010 5 TREFILES
0202011 2
0202012 2
0202020 1
0202021 0
0202022 9 TROMPERA
0202100 0
0202101 0
0202102 2
0202110 0
0202111 1
0202112 5 TERRISSE
0202120 1
0202121 0
0202122 1
0202200 0
0202201 0
0202202 0
0202210 1
0202211 0
0202212 1
0202220 7 TERRINEE
0202221 0
0202222 5 TROMPEUR
0210000 0
0210001 0
0210002 0
0210010 2
0210011 0
0210012 0
0210020 3 TERRIFIE
0210021 0
0210022 1
0210100 1
0210101 0
0210102 0
0210110 1
0210111 0
0210112 0
0210120 0
0210121 0
0210122 0
0210200 0
0210201 0
0210202 0
0210210 0
0210211 0
0210212 1
0210220 0
0210221 0
0210222 0
0211000 0
0211001 0
0211002 0
0211010 0
0211011 0
0211012 0
0211020 0
0211021 0
0211022 1
0211100 1
0211101 0
0211102 0
0211110 2
0211111 0
0211112 0
0211120 0
0211121 0
0211122 0
0211200 0
0211201 0
0211202 0
0211210 0
0211211 0
0211212 0
0211220 0
0211221 0
0211222 0
0212000 0
0212001 0
0212002 1
0212010 0
0212011 1
0212012 0
0212020 0
0212021 0
0212022 4 TERRIMES
0212100 0
0212101 0
0212102 0
0212110 0
0212111 0
0212112 0
0212120 0
0212121 0
0212122 1
0212200 0
0212201 0
0212202 0
0212210 0
0212211 0
0212212 0
0212220 0
0212221 0
0212222 0
0220000 0
0220001 0
0220002 0
0220010 1
0220011 0
0220012 0
0220020 6 TUILEREZ
0220021 0
0220022 2
0220100 0
0220101 0
0220102 0
0220110 0
0220111 0
0220112 0
0220120 0
0220121 0
0220122 0
0220200 0
0220201 0
0220202 0
0220210 0
0220211 0
0220212 0
0220220 0
0220221 0
0220222 0
0221000 0
0221001 0
0221002 0
0221010 0
0221011 0
0221012 0
0221020 0
0221021 0
0221022 0
0221100 0
0221101 0
0221102 0
0221110 0
0221111 0
0221112 0
0221120 0
0221121 0
0221122 0
0221200 0
0221201 0
0221202 0
0221210 0
0221211 0
0221212 0
0221220 0
0221221 0
0221222 0
0222000 0
0222001 0
0222002 0
0222010 1
0222011 0
0222012 0
0222020 0
0222021 0
0222022 0
0222100 0
0222101 0
0222102 0
0222110 0
0222111 0
0222112 0
0222120 0
0222121 0
0222122 0
0222200 0
0222201 0
0222202 0
0222210 0
0222211 0
0222212 0
0222220 0
0222221 0
0222222 0
1000000 3 TCHAPALO
1000001 1
1000002 4 TOMBOLAS
1000010 2
1000011 4 TRUSTONS
1000012 1
1000020 1
1000021 0
1000022 11 TOQUAMES
1000100 2
1000101 0
1000102 0
1000110 1
1000111 1
1000112 1
1000120 0
1000121 0
1000122 4 TONDAGES
1000200 2
1000201 0
1000202 0
1000210 1
1000211 0
1000212 1
1000220 0
1000221 0
1000222 1
1001000 2
1001001 2
1001002 8 THLASPIS
1001010 7 THIBAUDE
1001011 9 TISSEUSE
1001012 4 TEILLAIS
1001020 1
1001021 1
1001022 13 TUILAMES
1001100 1
1001101 0
1001102 6 TINAMOUS
1001110 4 THIAZINE
1001111 3 TECHNISA
1001112 2
1001120 1
1001121 1
1001122 1
1001200 0
1001201 1
1001202 1
1001210 1
1001211 0
1001212 0
1001220 0
1001221 0
1001222 2
1002000 1
1002001 0
1002002 0
1002010 1
1002011 0
1002012 1
1002020 0
1002021 0
1002022 0
1002100 1
1002101 1
1002102 0
1002110 3 TENAILLE
1002111 0
1002112 0
1002120 0
1002121 0
1002122 0
1002200 1
1002201 0
1002202 1
1002210 0
1002211 0
1002212 1
1002220 0
1002221 0
1002222 0
1010000 3 TCHATTAT
1010001 1
1010002 3 TCHATTAS
1010010 2
1010011 1
1010012 1
1010020 3 TCHATTEZ
1010021 0
1010022 11 TETUAMES
1010100 2
1010101 2
1010102 2
1010110 3 TUTELANT
1010111 3 TOASTENT
1010112 0
1010120 0
1010121 0
1010122 3 TOCANTES
1010200 0
1010201 0
1010202 2
1010210 4 TUILAMES
1010211 0
1010212 0
1010220 0
1010221 0
1010222 0
1011000 10 TOUILLAT
1011001 5 TYPISAIT
1011002 5 TOASTAIS
1011010 8 TUTELAIT
1011011 2
1011012 3 TESETAIS
1011020 0
1011021 1
1011022 6 TUILATES
1011100 3 TONIFIAT
1011101 4 TAMISANT
1011102 0
1011110 11 TITILLAT
1011111 3 TETANISE
1011112 2
1011120 0
1011121 0
1011122 1
1011200 0
1011201 1
1011202 0
1011210 0
1011211 0
1011212 0
1011220 0
1011221 0
1011222 0
1012000 0
1012001 0
1012002 0
1012010 0
1012011 0
1012012 0
1012020 0
1012021 0
1012022 0
1012100 0
1012101 0
1012102 0
1012110 8 TUBIPORE
1012111 1
1012112 0
1012120 0
1012121 0
1012122 0
1012200 1
1012201 0
1012202 0
1012210 0
1012211 0
1012212 0
1012220 0
1012221 0
1012222 0
1020000 0
1020001 0
1020002 0
1020010 0
1020011 2
1020012 0
1020020 0
1020021 1
1020022 4 TOMBATES
1020100 0
1020101 0
1020102 0
1020110 0
1020111 1
1020112 0
1020120 0
1020121 0
1020122 2
1020200 0
1020201 0
1020202 0
1020210 1
1020211 0
1020212 1
1020220 0
1020221 0
1020222 0
1021000 2
1021001 0
1021002 0
1021010 1
1021011 1
1021012 0
1021020 0
1021021 0
1021022 2
1021100 0
1021101 0
1021102 0
1021110 0
1021111 1
1021112 0
1021120 0
1021121 0
1021122 2
1021200 0
1021201 0
1021202 0
1021210 0
1021211 0
1021212 0
1021220 0
1021221 0
1021222 0
1022000 0
1022001 0
1022002 0
1022010 0
1022011 0
1022012 0
1022020 0
1022021 0
1022022 0
1022100 0
1022101 0
1022102 0
1022110 0
1022111 0
1022112 0
1022120 0
1022121 0
1022122 0
1022200 2
1022201 0
1022202 1
1022210 0
1022211 0
1022212 0
1022220 0
1022221 0
1022222 0
1100000 3 TRABOULA
1100001 1
1100002 6 TROUBLAS
1100010 34 TRABOULA
1100011 16 TRACEUSE
1100012 19 TRAMEUSE
1100020 2
1100021 0
1100022 14 TROMPEUR
1100100 1
1100101 1
1100102 9 TONSURAS
1100110 3 TOURNERA
1100111 2
1100112 2
1100120 7 TORTUREE
1100121 0
1100122 3 TRANCHES
1100200 0
1100201 0
1100202 1
1100210 0
1100211 0
1100212 2
1100220 6 TERRINEE
1100221 0
1100222 2
1101000 7 TRIMMERS
1101001 1
1101002 22 TRIPOLIS
1101010 37 TRIPLURE
1101011 11 TRUSTONS
1101012 21 TRIPOLIS
1101020 3 TIGUIDOU
1101021 0
1101022 9 TRIBALES
1101100 10 TAQUINAI
1101101 2
1101102 9 TOURNAIS
1101110 13 TRIANDRE
1101111 3 TRANSIGE
1101112 4 TIENDRAS
1101120 2
1101121 0
1101122 2
1101200 3 TRIGONAL
1101201 0
1101202 1
1101210 3 TRIENNAL
1101211 0
1101212 0
1101220 0
1101221 0
1101222 0
1102000 5 TRUCIDAI
1102001 0
1102002 2
1102010 9 TRAVIOLE
1102011 2
1102012 4 TIEDIRAS
1102020 1
1102021 0
1102022 3 TRIAIRES
1102100 1
1102101 1
1102102 3 TACHAMES
1102110 1
1102111 0
1102112 0
1102120 0
1102121 0
1102122 0
1102200 0
1102201 0
1102202 1
1102210 0
1102211 0
1102212 0
1102220 0
1102221 0
1102222 2
1110000 1
1110001 1
1110002 3 TUTORATS
1110010 16 TRABOULA
1110011 5 TRESSAUT
1110012 5 TRAQUETS
1110020 6 TROCHURE
1110021 0
1110022 9 TRAMADOL
1110100 17 TORTURAT
1110101 2
1110102 2
1110110 6 TALPACKS
1110111 3 TRANSEPT
1110112 0
1110120 1
1110121 1
1110122 1
1110200 1
1110201 0
1110202 1
1110210 2
1110211 0
1110212 0
1110220 0
1110221 0
1110222 0
1111000 24 TRICOUNI
1111001 2
1111002 9 TRACOIRS
1111010 21 TROUPEAU
1111011 5 TRESSAIT
1111012 3 TUTERAIS
1111020 2
1111021 0
1111022 7 TOMETTES
1111100 15 TABULAIT
1111101 3 TRANSMIT
1111102 2
1111110 6 TRENTAIN
1111111 1
1111112 0
1111120 0
1111121 0
1111122 0
1111200 1
1111201 0
1111202 0
1111210 0
1111211 0
1111212 0
1111220 0
1111221 0
1111222 0
1112000 1
1112001 3 TITRISAT
1112002 1
1112010 4 TREMPLIN
1112011 1
1112012 0
1112020 0
1112021 0
1112022 1
1112100 0
1112101 0
1112102 0
1112110 1
1112111 0
1112112 0
1112120 0
1112121 0
1112122 0
1112200 1
1112201 0
1112202 0
1112210 0
1112211 0
1112212 0
1112220 0
1112221 0
1112222 0
1120000 0
1120001 0
1120002 0
1120010 4 TROTTERA
1120011 0
1120012 2
1120020 0
1120021 0
1120022 0
1120100 1
1120101 0
1120102 0
1120110 0
1120111 0
1120112 1
1120120 0
1120121 0
1120122 0
1120200 0
1120201 0
1120202 0
1120210 0
1120211 0
1120212 0
1120220 0
1120221 0
1120222 0
1121000 3 TROTTAIT
1121001 0
1121002 2
1121010 2
1121011 1
1121012 1
1121020 0
1121021 0
1121022 0
1121100 1
1121101 0
1121102 0
1121110 2
1121111 0
1121112 1
1121120 0
1121121 0
1121122 0
1121200 0
1121201 0
1121202 0
1121210 0
1121211 0
1121212 0
1121220 0
1121221 0
1121222 0
1122000 0
1122001 0
1122002 0
1122010 0
1122011 0
1122012 0
1122020 0
1122021 0
1122022 0
1122100 0
1122101 0
1122102 0
1122110 0
1122111 0
1122112 0
1122120 0
1122121 0
1122122 0
1122200 0
1122201 0
1122202 0
1122210 0
1122211 0
1122212 0
1122220 0
1122221 0
1122222 0
1200000 0
1200001 0
1200002 2
1200010 6 TERRAQUE
1200011 5 TROCHURE
1200012 5 TOSCANES
1200020 0
1200021 3 TERRIFIE
1200022 7 TERRAGES
1200100 0
1200101 0
1200102 0
1200110 1
1200111 0
1200112 0
1200120 0
1200121 0
1200122 1
1200200 0
1200201 0
1200202 1
1200210 0
1200211 0
1200212 0
1200220 0
1200221 0
1200222 0
1201000 0
1201001 2
1201002 2
1201010 6 TERCERAI
1201011 2
1201012 1
1201020 0
1201021 0
1201022 1
1201100 0
1201101 0
1201102 0
1201110 1
1201111 0
1201112 1
1201120 0
1201121 0
1201122 0
1201200 1
1201201 0
1201202 0
1201210 1
1201211 0
1201212 0
1201220 0
1201221 0
1201222 0
1202000 3 TIRAILLA
1202001 0
1202002 0
1202010 3 TERRIFIA
1202011 0
1202012 1
1202020 0
1202021 0
1202022 0
1202100 0
1202101 0
1202102 0
1202110 1
1202111 0
1202112 1
1202120 0
1202121 0
1202122 0
1202200 1
1202201 0
1202202 1
1202210 2
1202211 0
1202212 1
1202220 0
1202221 0
1202222 0
1210000 1
1210001 1
1210002 1
1210010 2
1210011 0
1210012 0
1210020 0
1210021 0
1210022 4 TROCHURE
1210100 1
1210101 0
1210102 0
1210110 0
1210111 0
1210112 0
1210120 0
1210121 0
1210122 0
1210200 1
1210201 0
1210202 1
1210210 1
1210211 0
1210212 0
1210220 0
1210221 0
1210222 0
1211000 3 TORDRAIT
1211001 0
1211002 1
1211010 1
1211011 0
1211012 1
1211020 0
1211021 0
1211022 0
1211100 0
1211101 0
1211102 0
1211110 0
1211111 0
1211112 0
1211120 0
1211121 0
1211122 0
1211200 0
1211201 0
1211202 0
1211210 0
1211211 0
1211212 0
1211220 0
1211221 0
1211222 0
1212000 0
1212001 0
1212002 0
1212010 0
1212011 0
1212012 0
1212020 0
1212021 0
1212022 0
1212100 0
1212101 0
1212102 0
1212110 1
1212111 0
1212112 0
1212120 0
1212121 0
1212122 0
1212200 1
1212201 0
1212202 0
1212210 1
1212211 0
1212212 0
1212220 0
1212221 0
1212222 0
1220000 2
1220001 0
1220002 2
1220010 0
1220011 0
1220012 0
1220020 0
1220021 0
1220022 0
1220100 0
1220101 0
1220102 0
1220110 0
1220111 0
1220112 0
1220120 0
1220121 0
1220122 0
1220200 0
1220201 0
1220202 0
1220210 0
1220211 0
1220212 0
1220220 0
1220221 0
1220222 0
1221000 2
1221001 0
1221002 0
1221010 0
1221011 0
1221012 0
1221020 0
1221021 0
1221022 0
1221100 0
1221101 0
1221102 0
1221110 0
1221111 0
1221112 0
1221120 0
1221121 0
1221122 0
1221200 0
1221201 0
1221202 0
1221210 0
1221211 0
1221212 0
1221220 0
1221221 0
1221222 0
1222000 1
1222001 0
1222002 0
1222010 0
1222011 0
1222012 0
1222020 0
1222021 0
1222022 0
1222100 0
1222101 0
1222102 0
1222110 0
1222111 0
1222112 0
1222120 0
1222121 0
1222122 0
1222200 0
1222201 0
1222202 0
1222210 0
1222211 0
1222212 0
1222220 0
1222221 0
1222222 0
2000000 1
2000001 1
2000002 5 TABASSAS
2000010 3 TABLEAUX
2000011 12 TOUSELLE
2000012 3 TAPECULS
2000020 2
2000021 2
2000022 27 TUMBLING
2000100 1
2000101 0
2000102 4 TABULONS
2000110 1
2000111 3 TANNEUSE
2000112 3 TAVELONS
2000120 0
2000121 0
2000122 4 TANNAMES
2000200 1
2000201 0
2000202 2
2000210 2
2000211 0
2000212 0
2000220 4 TAPONNEZ
2000221 0
2000222 2
2001000 3 TAXODIUM
2001001 3 TABOUISA
2001002 8 TROLLAIS
2001010 5 TALALGIE
2001011 3 TABOUISE
2001012 1
2001020 5 TRUELLEE
2001021 3 TAPISSEZ
2001022 7 TAMISEES
2001100 2
2001101 1
2001102 10 TAMISONS
2001110 1
2001111 1
2001112 0
2001120 2
2001121 1
2001122 1
2001200 2
2001201 0
2001202 0
2001210 0
2001211 0
2001212 0
2001220 0
2001221 0
2001222 0
2002000 0
2002001 0
2002002 2
2002010 1
2002011 1
2002012 0
2002020 0
2002021 0
2002022 2
2002100 0
2002101 1
2002102 13 TOUSELLE
2002110 2
2002111 1
2002112 0
2002120 0
2002121 2
2002122 1
2002200 1
2002201 0
2002202 1
2002210 0
2002211 0
2002212 0
2002220 2
2002221 0
2002222 2
2010000 1
2010001 1
2010002 0
2010010 7 TITILLAT
2010011 1
2010012 3 TALLETHS
2010020 2
2010021 0
2010022 15 TCHAPALO
2010100 5 TUTELENT
2010101 0
2010102 2
2010110 9 TOUILLEE
2010111 0
2010112 0
2010120 0
2010121 0
2010122 3 TANNATES
2010200 3 TREMPLIN
2010201 0
2010202 3 TATONNAS
2010210 4 TANNANTE
2010211 0
2010212 1
2010220 1
2010221 0
2010222 1
2011000 5 TABULAIT
2011001 2
2011002 3 TATOUAIS
2011010 3 TAVELAIT
2011011 0
2011012 0
2011020 2
2011021 0
2011022 2
2011100 6 TAPINANT
2011101 3 TANISANT
2011102 0
2011110 2
2011111 2
2011112 0
2011120 1
2011121 0
2011122 0
2011200 1
2011201 0
2011202 0
2011210 0
2011211 0
2011212 0
2011220 0
2011221 0
2011222 0
2012000 1
2012001 0
2012002 1
2012010 0
2012011 1
2012012 0
2012020 0
2012021 0
2012022 0
2012100 0
2012101 1
2012102 0
2012110 4 TELEXONS
2012111 2
2012112 0
2012120 0
2012121 0
2012122 0
2012200 1
2012201 0
2012202 0
2012210 0
2012211 0
2012212 0
2012220 0
2012221 0
2012222 0
2020000 0
2020001 0
2020002 0
2020010 0
2020011 0
2020012 0
2020020 0
2020021 0
2020022 0
2020100 0
2020101 0
2020102 0
2020110 1
2020111 1
2020112 0
2020120 0
2020121 0
2020122 1
2020200 0
2020201 0
2020202 0
2020210 0
2020211 0
2020212 0
2020220 0
2020221 0
2020222 0
2021000 0
2021001 0
2021002 0
2021010 0
2021011 0
2021012 0
2021020 0
2021021 0
2021022 0
2021100 0
2021101 0
2021102 0
2021110 0
2021111 1
2021112 0
2021120 0
2021121 0
2021122 0
2021200 0
2021201 0
2021202 0
2021210 0
2021211 0
2021212 0
2021220 0
2021221 0
2021222 0
2022000 0
2022001 0
2022002 0
2022010 1
2022011 1
2022012 0
2022020 0
2022021 0
2022022 1
2022100 0
2022101 0
2022102 0
2022110 1
2022111 0
2022112 0
2022120 0
2022121 0
2022122 0
2022200 0
2022201 0
2022202 0
2022210 0
2022211 0
2022212 0
2022220 1
2022221 0
2022222 1
2100000 0
2100001 0
2100002 2
2100010 8 TABULERA
2100011 0
2100012 11 TAPECULS
2100020 9 TAPECULS
2100021 2
2100022 0
2100100 0
2100101 0
2100102 2
2100110 2
2100111 0
2100112 7 TROPICAL
2100120 2
2100121 0
2100122 0
2100200 0
2100201 0
2100202 0
2100210 0
2100211 0
2100212 0
2100220 2
2100221 0
2100222 2
2101000 1
2101001 0
2101002 2
2101010 10 TREUILLA
2101011 3 TASSERAI
2101012 4 THLASPIS
2101020 4 TULIPIER
2101021 3 TASERIEZ
2101022 0
2101100 2
2101101 0
2101102 2
2101110 5 TANNERAI
2101111 1
2101112 0
2101120 0
2101121 0
2101122 1
2101200 0
2101201 0
2101202 0
2101210 0
2101211 0
2101212 0
2101220 0
2101221 0
2101222 0
2102000 0
2102001 0
2102002 0
2102010 2
2102011 0
2102012 3 TABLIERS
2102020 0
2102021 0
2102022 1
2102100 0
2102101 0
2102102 1
2102110 0
2102111 0
2102112 0
2102120 0
2102121 1
2102122 0
2102200 0
2102201 0
2102202 0
2102210 0
2102211 0
2102212 0
2102220 1
2102221 0
2102222 2
2110000 0
2110001 0
2110002 0
2110010 4 TAPOTERA
2110011 0
2110012 0
2110020 2
2110021 0
2110022 0
2110100 0
2110101 0
2110102 0
2110110 8 TITILLEE
2110111 2
2110112 1
2110120 0
2110121 0
2110122 0
2110200 0
2110201 0
2110202 0
2110210 0
2110211 0
2110212 0
2110220 1
2110221 0
2110222 0
2111000 1
2111001 0
2111002 0
2111010 4 TEXTILES
2111011 1
2111012 1
2111020 2
2111021 0
2111022 1
2111100 1
2111101 0
2111102 0
2111110 1
2111111 0
2111112 0
2111120 0
2111121 0
2111122 0
2111200 0
2111201 0
2111202 0
2111210 0
2111211 0
2111212 0
2111220 0
2111221 0
2111222 0
2112000 0
2112001 0
2112002 0
2112010 0
2112011 0
2112012 0
2112020 0
2112021 0
2112022 0
2112100 0
2112101 0
2112102 0
2112110 0
2112111 0
2112112 0
2112120 0
2112121 0
2112122 0
2112200 0
2112201 0
2112202 0
2112210 0
2112211 0
2112212 0
2112220 0
2112221 0
2112222 0
2120000 0
2120001 0
2120002 0
2120010 0
2120011 0
2120012 0
2120020 0
2120021 0
2120022 0
2120100 0
2120101 0
2120102 0
2120110 0
2120111 0
2120112 0
2120120 0
2120121 0
2120122 0
2120200 0
2120201 0
2120202 0
2120210 0
2120211 0
2120212 0
2120220 0
2120221 0
2120222 0
2121000 0
2121001 0
2121002 0
2121010 0
2121011 0
2121012 0
2121020 0
2121021 0
2121022 0
2121100 0
2121101 0
2121102 0
2121110 0
2121111 0
2121112 0
2121120 0
2121121 0
2121122 0
2121200 0
2121201 0
2121202 0
2121210 0
2121211 0
2121212 0
2121220 0
2121221 0
2121222 0
2122000 0
2122001 0
2122002 0
2122010 0
2122011 0
2122012 0
2122020 0
2122021 0
2122022 0
2122100 0
2122101 0
2122102 0
2122110 0
2122111 0
2122112 0
2122120 0
2122121 0
2122122 0
2122200 0
2122201 0
2122202 0
2122210 0
2122211 0
2122212 0
2122220 0
2122221 0
2122222 0
2200000 1
2200001 0
2200002 1
2200010 3 TARARAGE
2200011 3 TARLOUSE
2200012 1
2200020 4 TARDEREZ
2200021 0
2200022 5 TARDAMES
2200100 0
2200101 0
2200102 1
2200110 0
2200111 0
2200112 1
2200120 0
2200121 0
2200122 0
2200200 0
2200201 0
2200202 0
2200210 0
2200211 0
2200212 0
2200220 0
2200221 0
2200222 0
2201000 2
2201001 0
2201002 4 TARIRAIS
2201010 2
2201011 1
2201012 1
2201020 6 TARIRIEZ
2201021 1
2201022 4 TARIFEES
2201100 0
2201101 0
2201102 2
2201110 0
2201111 1
2201112 0
2201120 1
2201121 0
2201122 0
2201200 0
2201201 0
2201202 0
2201210 0
2201211 0
2201212 0
2201220 0
2201221 0
2201222 0
2202000 0
2202001 0
2202002 0
2202010 0
2202011 0
2202012 1
2202020 0
2202021 0
2202022 1
2202100 0
2202101 0
2202102 1
2202110 0
2202111 0
2202112 1
2202120 0
2202121 0
2202122 0
2202200 0
2202201 0
2202202 0
2202210 0
2202211 0
2202212 0
2202220 0
2202221 0
2202222 0
2210000 2
2210001 0
2210002 0
2210010 1
2210011 0
2210012 0
2210020 0
2210021 0
2210022 2
2210100 1
2210101 0
2210102 0
2210110 3 TARGUENT
2210111 0
2210112 0
2210120 0
2210121 0
2210122 1
2210200 0
2210201 0
2210202 0
2210210 0
2210211 0
2210212 0
2210220 0
2210221 0
2210222 0
2211000 4 TARIRAIT
2211001 0
2211002 0
2211010 1
2211011 0
2211012 0
2211020 0
2211021 0
2211022 0
2211100 2
2211101 0
2211102 0
2211110 2
2211111 0
2211112 0
2211120 0
2211121 0
2211122 0
2211200 0
2211201 0
2211202 0
2211210 0
2211211 0
2211212 0
2211220 0
2211221 0
2211222 0
2212000 0
2212001 0
2212002 0
2212010 0
2212011 0
2212012 0
2212020 0
2212021 0
2212022 0
2212100 0
2212101 0
2212102 0
2212110 1
2212111 0
2212112 0
2212120 0
2212121 0
2212122 0
2212200 0
2212201 0
2212202 0
2212210 0
2212211 0
2212212 0
2212220 0
2212221 0
2212222 0
2220000 0
2220001 0
2220002 0
2220010 3 TARTUFFE
2220011 0
2220012 0
2220020 0
2220021 0
2220022 2
2220100 0
2220101 0
2220102 0
2220110 0
2220111 0
2220112 0
2220120 0
2220121 0
2220122 0
2220200 0
2220201 0
2220202 0
2220210 0
2220211 0
2220212 0
2220220 0
2220221 0
2220222 1
2221000 0
2221001 0
2221002 0
2221010 0
2221011 0
2221012 0
2221020 0
2221021 0
2221022 0
2221100 1
2221101 0
2221102 0
2221110 0
2221111 0
2221112 0
2221120 0
2221121 0
2221122 0
2221200 0
2221201 0
2221202 0
2221210 0
2221211 0
2221212 0
2221220 0
2221221 0
2221222 0
2222000 1
2222001 0
2222002 1
2222010 0
2222011 1
2222012 0
2222020 1
2222021 0
2222022 2
2222100 0
2222101 0
2222102 0
2222110 0
2222111 0
2222112 0
2222120 0
2222121 0
2222122 0
2222200 2
2222201 0
2222202 1
2222210 0
2222211 0
2222212 0
2222220 3 TERRIFIE
2222221 0
2222222 1