00000 0
00001 0
00002 3 UNGUIS
00010 5 UNIQUE
00011 1
00012 2
00020 1
00021 2
00022 5 ULTIME
00100 1
00101 0
00102 0
00110 4 UMMITE
00111 0
00112 1
00120 0
00121 0
00122 1
00200 1
00201 0
00202 0
00210 0
00211 0
00212 0
00220 0
00221 1
00222 2
01000 2
01001 1
01002 4 ULULAS
01010 1
01011 0
01012 1
01020 0
01021 0
01022 0
01100 2
01101 1
01102 0
01110 1
01111 0
01112 0
01120 0
01121 0
01122 0
01200 0
01201 0
01202 0
01210 0
01211 0
01212 0
01220 0
01221 0
01222 0
02000 0
02001 0
02002 1
02010 0
02011 2
02012 0
02020 0
02021 1
02022 4 USAGES
02100 0
02101 0
02102 1
02110 0
02111 1
02112 0
02120 0
02121 0
02122 0
02200 0
02201 0
02202 0
02210 0
02211 0
02212 0
02220 0
02221 0
02222 1
10000 0
10001 0
10002 0
10010 1
10011 1
10012 0
10020 2
10021 2
10022 1
10100 0
10101 0
10102 0
10110 1
10111 0
10112 1
10120 0
10121 0
10122 0
10200 0
10201 0
10202 0
10210 0
10211 0
10212 0
10220 0
10221 0
10222 0
11000 1
11001 1
11002 1
11010 1
11011 1
11012 1
11020 0
11021 0
11022 0
11100 0
11101 0
11102 1
11110 0
11111 0
11112 0
11120 0
11121 0
11122 0
11200 0
11201 0
11202 0
11210 0
11211 0
11212 0
11220 0
11221 0
11222 0
12000 0
12001 0
12002 0
12010 1
12011 0
12012 0
12020 0
12021 1
12022 0
12100 0
12101 0
12102 0
12110 0
12111 0
12112 0
12120 0
12121 0
12122 0
12200 0
12201 0
12202 0
12210 0
12211 0
12212 0
12220 0
12221 0
12222 0
20000 0
20001 0
20002 1
20010 3 UREMIE
20011 1
20012 0
20020 3 USEREZ
20021 0
20022 1
20100 0
20101 0
20102 0
20110 1
20111 0
20112 0
20120 0
20121 0
20122 0
20200 0
20201 0
20202 0
20210 1
20211 0
20212 0
20220 0
20221 0
20222 0
21000 3 URINAL
21001 0
21002 1
21010 1
21011 0
21012 0
21020 0
21021 0
21022 0
21100 1
21101 0
21102 0
21110 1
21111 0
21112 0
21120 0
21121 0
21122 0
21200 0
21201 0
21202 0
21210 0
21211 0
21212 0
21220 0
21221 0
21222 0
22000 0
22001 0
22002 0
22010 1
22011 0
22012 1
22020 0
22021 0
22022 1
22100 0
22101 0
22102 0
22110 1
22111 0
22112 0
22120 0
22121 0
22122 0
22200 0
22201 0
22202 0
22210 0
22211 0
22212 0
22220 0
22221 0
22222 1