00000 3 VOULUE
00001 0
00002 6 VOULUT
00010 15 VOLTAT
00011 1
00012 10 VELENT
00020 10 VOGUEZ
00021 1
00022 25 VOUENT
00100 4 VIOLER
00101 1
00102 6 VENDIT
00110 13 VIVENT
00111 4 VISAIT
00112 3 VINDAS
00120 7 VOUTEZ
00121 4 VESCES
00122 13 VILENE
00200 2
00201 1
00202 1
00210 6 VOLUME
00211 1
00212 2
00220 15 VILENE
00221 1
00222 4 VICIEE
01000 0
01001 0
01002 0
01010 11 VOLUTE
01011 0
01012 2
01020 5 VOLTES
01021 1
01022 2
01100 4 VIDIEN
01101 0
01102 1
01110 9 VIVREE
01111 1
01112 0
01120 11 VIVOTE
01121 1
01122 3 VIVATS
01200 0
01201 0
01202 1
01210 0
01211 0
01212 0
01220 2
01221 0
01222 0
02000 0
02001 0
02002 0
02010 6 VIORNE
02011 1
02012 4 VELOTS
02020 11 VIERGE
02021 4 VAPOTE
02022 6 VIBRAT
02100 0
02101 0
02102 1
02110 12 VENEUR
02111 1
02112 3 VENDES
02120 0
02121 0
02122 1
02200 1
02201 0
02202 1
02210 4 VIDIEN
02211 0
02212 1
02220 1
02221 0
02222 0
10000 9 VOUTAT
10001 0
10002 4 VOUTES
10010 15 VENALE
10011 1
10012 3 VESPAS
10020 1
10021 0
10022 0
10100 22 VOUANT
10101 4 VISAIT
10102 14 VOLANT
10110 15 VILAIN
10111 2
10112 5 VOLANT
10120 0
10121 0
10122 0
10200 4 VOILAI
10201 1
10202 1
10210 1
10211 0
10212 0
10220 0
10221 0
10222 0
11000 1
11001 0
11002 0
11010 7 VOLENT
11011 0
11012 1
11020 0
11021 0
11022 0
11100 7 VIBRAT
11101 0
11102 3 VIVATS
11110 2
11111 1
11112 0
11120 1
11121 0
11122 0
11200 1
11201 0
11202 0
11210 1
11211 0
11212 0
11220 0
11221 0
11222 1
12000 0
12001 0
12002 0
12010 6 VENIEL
12011 1
12012 2
12020 1
12021 0
12022 0
12100 5 VOTAIS
12101 0
12102 1
12110 4 VEGANE
12111 1
12112 0
12120 0
12121 0
12122 0
12200 0
12201 0
12202 0
12210 0
12211 0
12212 0
12220 0
12221 0
12222 0
20000 13 VOUANT
20001 3 VALISE
20002 9 VIGNOT
20010 5 VEXENT
20011 2
20012 1
20020 12 VELENT
20021 2
20022 10 VULPIN
20100 8 VAQUAT
20101 2
20102 2
20110 1
20111 0
20112 0
20120 0
20121 0
20122 1
20200 1
20201 1
20202 1
20210 6 VILENE
20211 2
20212 0
20220 1
20221 0
20222 0
21000 2
21001 1
21002 0
21010 3 VIOLER
21011 1
21012 0
21020 6 VAINCU
21021 1
21022 0
21100 2
21101 0
21102 0
21110 1
21111 0
21112 0
21120 1
21121 0
21122 1
21200 1
21201 0
21202 0
21210 0
21211 0
21212 0
21220 0
21221 0
21222 0
22000 2
22001 0
22002 1
22010 1
22011 0
22012 0
22020 1
22021 0
22022 1
22100 0
22101 0
22102 1
22110 0
22111 0
22112 0
22120 0
22121 0
22122 0
22200 2
22201 0
22202 1
22210 1
22211 0
22212 0
22220 3 VENGEZ
22221 0
22222 1