000000 0
000001 0
000002 3 VOULONS
000010 6 VELELLE
000011 4 VOUSOYE
000012 3 VESSONS
000020 1
000021 0
000022 7 VOULUES
000100 0
000101 0
000102 2
000110 11 VOGUENT
000111 5 VOTEUSE
000112 1
000120 0
000121 0
000122 2
000200 0
000201 0
000202 0
000210 3 VEDETTE
000211 0
000212 0
000220 2
000221 0
000222 5 VEGETES
001000 1
001001 3 VOUSOYA
001002 8 VOLUMES
001010 11 VACUOLE
001011 5 VALUSSE
001012 1
001020 0
001021 0
001022 8 VALVULE
001100 10 VOUTANT
001101 1
001102 2
001110 13 VENTEUX
001111 3 VESTALE
001112 1
001120 0
001121 0
001122 1
001200 1
001201 0
001202 1
001210 5 VOLETAT
001211 0
001212 3 VALETAS
001220 3 VALETEZ
001221 0
001222 3 VALUTES
002000 1
002001 0
002002 0
002010 6 VALAQUE
002011 4 VOLASSE
002012 0
002020 2
002021 0
002022 11 VOLAGES
002100 0
002101 0
002102 4 VOLTENT
002110 6 VOYELLE
002111 1
002112 2
002120 0
002121 0
002122 2
002200 0
002201 0
002202 0
002210 0
002211 0
002212 0
002220 0
002221 0
002222 5 VOILURE
010000 0
010001 0
010002 0
010010 2
010011 0
010012 6 VELCROS
010020 9 VENELLE
010021 1
010022 1
010100 0
010101 0
010102 0
010110 2
010111 0
010112 2
010120 2
010121 0
010122 2
010200 0
010201 0
010202 0
010210 1
010211 0
010212 0
010220 2
010221 0
010222 0
011000 2
011001 0
011002 2
011010 9 VAINQUE
011011 3 VESSERA
011012 9 VEINULE
011020 2
011021 0
011022 0
011100 3 VAUTRAT
011101 0
011102 1
011110 8 VENTRAL
011111 0
011112 1
011120 3 VERRINE
011121 0
011122 1
011200 0
011201 0
011202 0
011210 0
011211 0
011212 0
011220 2
011221 0
011222 0
012000 0
012001 0
012002 1
012010 1
012011 1
012012 0
012020 1
012021 0
012022 0
012100 0
012101 0
012102 0
012110 0
012111 0
012112 0
012120 0
012121 0
012122 0
012200 0
012201 0
012202 0
012210 0
012211 0
012212 0
012220 0
012221 0
012222 0
020000 0
020001 0
020002 0
020010 5 VERVEUX
020011 2
020012 4 VERROUS
020020 3 VENERER
020021 0
020022 8 VERSEUR
020100 0
020101 0
020102 0
020110 5 VERGENT
020111 1
020112 4 VIDIMAT
020120 0
020121 0
020122 0
020200 0
020201 0
020202 0
020210 0
020211 0
020212 0
020220 0
020221 0
020222 1
021000 1
021001 0
021002 2
021010 9 VERBALE
021011 3 VERSERA
021012 5 VERGEAS
021020 0
021021 0
021022 0
021100 0
021101 0
021102 0
021110 3 VERGEAT
021111 1
021112 2
021120 0
021121 0
021122 0
021200 0
021201 0
021202 0
021210 0
021211 0
021212 0
021220 0
021221 0
021222 0
022000 1
022001 0
022002 0
022010 2
022011 0
022012 0
022020 0
022021 0
022022 1
022100 0
022101 0
022102 0
022110 0
022111 0
022112 0
022120 0
022121 0
022122 0
022200 0
022201 0
022202 0
022210 1
022211 0
022212 0
022220 0
022221 0
022222 0
100000 0
100001 0
100002 6 VULPINS
100010 10 VEUILLE
100011 5 VOUSOIE
100012 5 VENIELS
100020 10 VOILAGE
100021 2
100022 7 VEILLES
100100 0
100101 0
100102 1
100110 7 VENTILO
100111 2
100112 1
100120 2
100121 0
100122 2
100200 2
100201 0
100202 1
100210 0
100211 0
100212 0
100220 0
100221 0
100222 3 VETITES
101000 5 VULCAIN
101001 2
101002 14 VOGUANT
101010 8 VACILLE
101011 2
101012 5 VEINAIS
101020 7 VOMIQUE
101021 4 VALSIEZ
101022 9 VAGINAL
101100 14 VOUTANT
101101 2
101102 3 VOLTAIS
101110 9 VENDAIT
101111 2
101112 0
101120 1
101121 0
101122 0
101200 1
101201 0
101202 0
101210 3 VALETAI
101211 0
101212 0
101220 0
101221 0
101222 2
102000 0
102001 0
102002 0
102010 0
102011 1
102012 0
102020 0
102021 0
102022 0
102100 0
102101 0
102102 0
102110 0
102111 0
102112 0
102120 0
102121 0
102122 0
102200 2
102201 0
102202 0
102210 0
102211 0
102212 0
102220 0
102221 0
102222 0
110000 2
110001 0
110002 1
110010 7 VEINURE
110011 0
110012 0
110020 7 VEILLER
110021 0
110022 2
110100 1
110101 0
110102 0
110110 2
110111 0
110112 0
110120 2
110121 0
110122 0
110200 0
110201 0
110202 0
110210 0
110211 0
110212 0
110220 0
110221 0
110222 0
111000 6 VAGIRAI
111001 0
111002 4 VAGIRAS
111010 11 VENELLE
111011 1
111012 0
111020 4 VANNIER
111021 1
111022 2
111100 2
111101 0
111102 0
111110 2
111111 0
111112 1
111120 0
111121 0
111122 0
111200 0
111201 0
111202 0
111210 0
111211 0
111212 0
111220 0
111221 0
111222 0
112000 0
112001 0
112002 0
112010 1
112011 0
112012 0
112020 0
112021 0
112022 0
112100 0
112101 0
112102 0
112110 0
112111 0
112112 0
112120 0
112121 0
112122 0
112200 0
112201 0
112202 0
112210 0
112211 0
112212 0
112220 0
112221 0
112222 0
120000 0
120001 0
120002 0
120010 5 VOMISSE
120011 3 VERSOIR
120012 0
120020 5 VERRIEZ
120021 1
120022 3 VERNIES
120100 0
120101 0
120102 0
120110 3 VERTIGO
120111 1
120112 0
120120 0
120121 0
120122 0
120200 0
120201 0
120202 0
120210 0
120211 0
120212 0
120220 0
120221 0
120222 1
121000 0
121001 0
121002 2
121010 8 VENGERA
121011 1
121012 2
121020 1
121021 0
121022 2
121100 2
121101 0
121102 0
121110 3 VARIETE
121111 1
121112 0
121120 0
121121 0
121122 0
121200 0
121201 0
121202 0
121210 0
121211 0
121212 0
121220 0
121221 0
121222 0
122000 0
122001 0
122002 0
122010 0
122011 0
122012 0
122020 0
122021 0
122022 0
122100 0
122101 0
122102 0
122110 0
122111 0
122112 0
122120 0
122121 0
122122 0
122200 0
122201 0
122202 0
122210 0
122211 0
122212 0
122220 0
122221 0
122222 0
200000 0
200001 0
200002 10 VIVENDI
200010 13 VILENIE
200011 6 VIVENDI
200012 2
200020 7 VIOLIEZ
200021 1
200022 12 VENIELS
200100 1
200101 0
200102 1
200110 5 VICTIME
200111 2
200112 1
200120 0
200121 0
200122 0
200200 0
200201 0
200202 0
200210 1
200211 0
200212 0
200220 1
200221 2
200222 2
201000 8 VICINAL
201001 0
201002 7 VIGILAS
201010 4 VIELLAI
201011 2
201012 1
201020 2
201021 0
201022 2
201100 7 VIOLANT
201101 2
201102 1
201110 2
201111 0
201112 0
201120 0
201121 0
201122 0
201200 2
201201 2
201202 2
201210 0
201211 0
201212 0
201220 0
201221 0
201222 0
202000 0
202001 0
202002 1
202010 4 VILAINE
202011 3 VIDIONS
202012 0
202020 0
202021 0
202022 7 VOSGIEN
202100 0
202101 0
202102 1
202110 1
202111 0
202112 0
202120 1
202121 0
202122 1
202200 0
202201 0
202202 0
202210 0
202211 0
202212 0
202220 0
202221 0
202222 3 VERANDA
210000 2
210001 0
210002 5 VIVOIRS
210010 4 VOYAGER
210011 2
210012 4 VIVENDI
210020 10 VIGILER
210021 1
210022 6 VIBREES
210100 2
210101 0
210102 1
210110 5 VENTAIT
210111 0
210112 0
210120 2
210121 0
210122 1
210200 0
210201 0
210202 0
210210 0
210211 0
210212 0
210220 1
210221 1
210222 0
211000 0
211001 0
211002 3 VIBRAIS
211010 8 VILENIE
211011 2
211012 4 VOSGIEN
211020 1
211021 0
211022 0
211100 9 VITRAIT
211101 0
211102 1
211110 2
211111 0
211112 0
211120 0
211121 0
211122 0
211200 0
211201 0
211202 0
211210 0
211211 0
211212 0
211220 0
211221 0
211222 0
212000 0
212001 0
212002 0
212010 3 VOYANCE
212011 0
212012 0
212020 0
212021 0
212022 0
212100 0
212101 0
212102 0
212110 0
212111 0
212112 0
212120 0
212121 0
212122 0
212200 0
212201 0
212202 0
212210 0
212211 0
212212 0
212220 0
212221 0
212222 0
220000 0
220001 0
220002 1
220010 3 VIROIDE
220011 1
220012 1
220020 4 VIREREZ
220021 0
220022 6 VALOREM
220100 0
220101 0
220102 0
220110 0
220111 0
220112 0
220120 1
220121 0
220122 0
220200 0
220201 0
220202 0
220210 1
220211 0
220212 0
220220 0
220221 0
220222 0
221000 2
221001 0
221002 1
221010 2
221011 0
221012 1
221020 0
221021 0
221022 0
221100 1
221101 0
221102 0
221110 0
221111 0
221112 0
221120 0
221121 0
221122 0
221200 0
221201 0
221202 0
221210 0
221211 0
221212 0
221220 0
221221 0
221222 0
222000 0
222001 0
222002 1
222010 0
222011 1
222012 0
222020 0
222021 0
222022 3 VALOREM
222100 0
222101 0
222102 0
222110 0
222111 0
222112 0
222120 0
222121 0
222122 0
222200 0
222201 0
222202 0
222210 0
222211 0
222212 0
222220 0
222221 0
222222 1