00000 110 COLON
00001 32 STUCS
00002 186 CULOT
00010 429 MOULT
00011 110 SOUTE
00012 103 MOULT
00020 152 BULOT
00021 27 OUSTE
00022 195 MULOT
00100 145 MULON
00101 32 SUCON
00102 102 FUTON
00110 220 LENTE
00111 29 SILTS
00112 41 LIMON
00120 40 PILOT
00121 5 BUVEE
00122 74 VINGT
00200 34 CULOT
00201 15 SHUNT
00202 43 PONCH
00210 70 TONDU
00211 27 POUND
00212 4 SEXEE
00220 9 EMULE
00221 2
00222 16 SUCON
01000 171 CULOT
01001 48 CHANT
01002 105 CULOT
01010 167 PLANT
01011 36 SEULE
01012 32 METAL
01020 21 CULTE
01021 4 CANNA
01022 27 BENET
01100 90 PILON
01101 17 SISAL
01102 50 MITAN
01110 37 BLAME
01111 3 SPIRE
01112 3 FETES
01120 4 MODAL
01121 1
01122 5 MODAL
01200 18 ANOLI
01201 4 LOOCH
01202 7 ISOLE
01210 16 GLAND
01211 5 PLANE
01212 0
01220 3 VALUS
01221 0
01222 3 SIGMA
02000 206 TONCA
02001 40 MULON
02002 119 CULOT
02010 147 MULCH
02011 46 STUPS
02012 1
02020 79 PLANT
02021 9 SCOPE
02022 83 CLAMP
02100 61 LUTIN
02101 17 SUPIN
02102 34 SMOLT
02110 17 PLOMB
02111 3 LONZO
02112 0
02120 0
02121 0
02122 0
02200 9 THORA
02201 3 CANNA
02202 24 NDAMA
02210 17 BLIND
02211 3 CANOT
02212 0
02220 2
02221 0
02222 8 LIGHT
10000 69 TORON
10001 12 CUPRO
10002 51 TRUCK
10010 221 MEUTE
10011 40 PUROT
10012 30 CORNU
10020 135 CULOT
10021 18 PESTO
10022 45 GRUON
10100 60 COLIN
10101 11 PURIN
10102 14 BURON
10110 76 BETIE
10111 12 SEVIR
10112 4 PACTE
10120 45 TOMBE
10121 6 STILB
10122 9 VELDT
10200 21 CULOT
10201 0
10202 22 TONCA
10210 33 FRONT
10211 8 PACSE
10212 1
10220 20 PROTE
10221 3 PACKS
10222 4 CAPET
11000 80 COURT
11001 15 SPRAT
11002 48 ARACK
11010 82 TRACE
11011 14 CAPRE
11012 7 EMERI
11020 19 MELER
11021 1
11022 6 TEMPE
11100 32 LIANT
11101 3 VIEIL
11102 6 BRAVA
11110 11 BETIE
11111 0
11112 0
11120 4 RODER
11121 0
11122 1
11200 5 POUFS
11201 0
11202 3 CANNA
11210 2
11211 1
11212 0
11220 3 CANON
11221 0
11222 0
12000 43 TURBO
12001 6 LORAN
12002 29 DONUT
12010 65 DECRU
12011 9 DURCI
12012 0
12020 55 TYPER
12021 9 SMALT
12022 6 PAGEL
12100 41 TORIL
12101 7 BARIL
12102 7 SCALP
12110 5 PACTE
12111 0
12112 0
12120 0
12121 0
12122 0
12200 4 CANNA
12201 0
12202 2
12210 7 VAMPE
12211 0
12212 0
12220 0
12221 0
12222 0
20000 11 GOTON
20001 0
20002 9 SUCON
20010 48 DECUE
20011 4 RODEE
20012 10 PALUD
20020 26 BUTOR
20021 4 TOPEE
20022 14 TONDU
20100 15 TONIC
20101 3 TOPEE
20102 8 EGOUT
20110 28 FLUTE
20111 3 THAIE
20112 4 MINEE
20120 9 VAMPE
20121 2
20122 7 TORDU
20200 2
20201 0
20202 0
20210 5 ONDEE
20211 0
20212 1
20220 0
20221 0
20222 0
21000 7 MINON
21001 1
21002 3 IODEE
21010 13 NUCAL
21011 1
21012 3 PACKS
21020 0
21021 0
21022 0
21100 7 VITAL
21101 0
21102 2
21110 2
21111 0
21112 1
21120 0
21121 0
21122 0
21200 0
21201 0
21202 0
21210 0
21211 0
21212 0
21220 0
21221 0
21222 0
22000 19 BANAT
22001 1
22002 13 GITAN
22010 12 MULCH
22011 0
22012 0
22020 17 TEMPE
22021 2
22022 12 PARTY
22100 13 VANDA
22101 1
22102 5 DINKA
22110 3 CAVUM
22111 0
22112 0
22120 0
22121 0
22122 0
22200 2
22201 0
22202 3 PADAN
22210 3 RODER
22211 0
22212 0
22220 0
22221 0
22222 1