00000 32 COLMO
00001 64 MANCO
00002 64 PALCO
00010 20 HINCO
00011 10 CISMO
00012 20 DANZA
00020 13 TOLDO
00021 9 HOTEL
00022 9 MANCO
00100 24 ROBOT
00101 55 BANDO
00102 24 TRAGA
00110 9 CULTO
00111 13 RIGOR
00112 8 SIFON
00120 5 NUEVO
00121 3 DATIL
00122 3 DANZA
00200 11 COFRE
00201 17 MANCO
00202 21 MAGRO
00210 2
00211 3 TEJER
00212 1
00220 2
00221 5 TABLA
00222 2
01000 29 NOBLE
01001 17 PALCO
01002 22 AJENO
01010 23 LICEO
01011 3 TEJER
01012 8 CANTO
01020 0
01021 1
01022 1
01100 23 COMER
01101 11 TALAR
01102 8 CANOA
01110 7 INGLE
01111 0
01112 1
01120 1
01121 0
01122 0
01200 4 TEJER
01201 4 TEJER
01202 2
01210 1
01211 0
01212 0
01220 1
01221 1
01222 0
02000 16 LENTO
02001 6 METAL
02002 10 TUNEL
02010 1
02011 0
02012 0
02020 6 MODAL
02021 0
02022 3 GENIA
02100 15 BATON
02101 11 REGLA
02102 6 TABLA
02110 1
02111 0
02112 1
02120 5 MODAL
02121 0
02122 0
02200 6 CEDRO
02201 1
02202 7 PLACA
02210 0
02211 0
02212 0
02220 1
02221 0
02222 1
10000 4 GOLFO
10001 12 OCASO
10002 12 CULTO
10010 5 CALDO
10011 0
10012 4 VELLO
10020 4 LUCHO
10021 1
10022 1
10100 0
10101 3 DANZA
10102 3 RECTA
10110 0
10111 1
10112 1
10120 0
10121 0
10122 1
10200 2
10201 1
10202 0
10210 1
10211 0
10212 0
10220 0
10221 0
10222 0
11000 6 QUESO
11001 3 VELLO
11002 1
11010 3 CAIRO
11011 0
11012 1
11020 0
11021 0
11022 1
11100 1
11101 2
11102 2
11110 0
11111 0
11112 0
11120 0
11121 0
11122 0
11200 0
11201 0
11202 0
11210 0
11211 0
11212 0
11220 0
11221 0
11222 0
12000 6 TENER
12001 0
12002 2
12010 0
12011 0
12012 0
12020 2
12021 0
12022 0
12100 1
12101 2
12102 0
12110 0
12111 0
12112 0
12120 0
12121 0
12122 0
12200 0
12201 0
12202 0
12210 0
12211 0
12212 0
12220 0
12221 0
12222 0
20000 1
20001 3 RUMBO
20002 3 RUMBO
20010 4 METRO
20011 0
20012 2
20020 4 RUMBO
20021 1
20022 2
20100 2
20101 6 CALDO
20102 1
20110 0
20111 0
20112 1
20120 1
20121 1
20122 0
20200 1
20201 0
20202 1
20210 0
20211 0
20212 0
20220 0
20221 0
20222 0
21000 2
21001 0
21002 2
21010 1
21011 0
21012 1
21020 0
21021 0
21022 0
21100 1
21101 0
21102 0
21110 0
21111 0
21112 0
21120 0
21121 0
21122 0
21200 0
21201 0
21202 0
21210 0
21211 0
21212 0
21220 0
21221 0
21222 0
22000 3 METRO
22001 1
22002 2
22010 0
22011 0
22012 0
22020 0
22021 0
22022 0
22100 1
22101 2
22102 0
22110 0
22111 0
22112 0
22120 0
22121 0
22122 0
22200 0
22201 0
22202 0
22210 0
22211 0
22212 0
22220 2
22221 0
22222 1